1.034	294
1	0
1.034	343
0.897	6
1.069	228
0.831	290.5
1.106	162
0.928	300
1	0
1.069	277
1.034	179.9
1	0
1.034	228.9
1.034	32
0.538	256.5
1.034	228.1
1	180
1.562	64.8
0.852	314.5
1.118	311
1	200.9
1	280.4
1.034	66
0.668	253
0.831	176.4
0.831	339.5
1	2.5
1	177.5
0.831	28.5
1	349.6
1.034	66
1.051	81
0.892	59.2
0.959	222
0.77	192.7
1.143	96
1.034	294
0.691	231.4
1.034	304.4
0.86	249.5
0.831	48.6
0.831	69.5
1.069	311
1.069	277
0.831	280
0.797	126.7
1.069	326
0.953	336.2
0.953	287.2
0.797	258.7
0.635	202.7
0.71	185.8
0.614	319.3
0.824	216.3
0.635	336.3
0.831	290.5
0.897	6
0.86	273.5
0.797	126.7
1.034	343
0.953	287.2
1.106	162
0.922	353.2
1.069	326
0.892	59.2
0.889	207.5
0.889	158.5
0.959	234
0.928	300
0.715	132.6
1.069	217.5
1.106	172.4
0.959	283
1.034	294
1.106	211
1.069	277
1.069	228
0.986	319.2
1.106	260
0.922	353.2
0.953	287.2
0.797	126.7
0.986	270.2
0.986	221.2
0.824	60.7
0.919	141.5
0.992	266
0.889	158.5
0.662	57.2
1.106	211
1.106	162
1.069	228
1.143	194
1.143	145
0.953	287.2
1.019	155.2
0.986	221.2
0.852	354.7
0.824	60.7
1.026	200
1.026	151
1.026	102
0.992	168
1.182	79
1.182	30
1.143	145
1.143	96
0.986	221.2
1.106	162
1.026	102
1.182	79
1.182	30
1.019	155.2
1.143	96
1	352
1	8
1	211.3
0.86	117.6
0.764	320.5
0.691	270
0.959	222
0.77	192.7
0.669	81.4
0.62	215
0	0
0	0
0	0
0	0
