0.992	311.5
1	0
0.992	352.5
1.04	2.2
0.983	263
1.064	312.9
0.975	214.5
1.031	313.7
1	0
0.983	304
0.992	224
1	0
0.992	265.1
0.992	33.6
1.225	224.3
0.992	219
1	180
2.051	62.9
1.065	317.6
0.969	319
1	201
1	280.5
0.992	48.5
1.142	225.7
1.064	225.4
1.064	353.9
1	2.5
1	177.5
1.064	35
1	349.5
0.992	48.5
0.987	287.2
0.705	95.3
1.022	260.8
1.082	184
0.967	166
0.992	311.5
1.132	276.3
0.992	322
1.055	271.2
1.064	26.1
1.064	47.1
0.983	319
0.983	304
1.064	302.4
1.073	135.5
0.983	345.1
0.693	39.3
0.693	358.3
1.073	232.5
1.151	255
0.757	230.7
1.161	319.5
1.064	217.1
1.151	326.9
1.064	312.9
1.04	2.2
1.055	305.4
1.073	135.5
0.992	352.5
0.693	358.3
0.975	214.5
0.699	46.8
0.983	345.1
0.705	95.3
1.046	256.9
1.046	215.9
1.022	265.2
1.031	313.7
1.116	137.7
0.983	252.5
0.975	225
1.022	306.2
0.992	311.5
0.975	255.5
0.983	304
0.983	263
0.688	31.8
0.975	296.6
0.699	46.8
0.693	358.3
1.073	135.5
0.688	350.8
0.688	309.8
1.064	87
1.038	208.4
1.014	298.8
1.046	215.9
1.142	88.4
0.975	255.5
0.975	214.5
0.983	263
0.967	248.1
0.967	207
0.693	358.3
0.682	261.3
0.688	309.8
1.055	38.5
1.064	87
1.005	250.3
1.005	209.2
1.005	168.2
1.014	216.7
0.959	158.5
0.959	117.5
0.967	207
0.967	166
0.688	309.8
0.975	214.5
1.005	168.2
0.959	158.5
0.959	117.5
0.682	261.3
0.967	166
1	352
1	8
1	211.4
1.055	86.1
1.108	319.8
1.132	306.8
1.022	260.8
1.082	184
1.15	51.5
1.177	263.6
0	0
0	0
0	0
0	0
