# -b
-77.999999	33.882432
-78.002346	33.880085
-78.002639	33.878032
-78.004106	33.876565
-78.004399	33.875392
-78.004986	33.874218
-78.004986	33.873338
-78.004986	33.873045
-78.006746	33.871578
-78.007626	33.871578
-78.009973	33.869525
-78.011147	33.868938
-78.012613	33.867471
-78.01232	33.861604
-78.010853	33.860137
-78.010266	33.858377
-78.009093	33.858377
-78.0088	33.858084
-78.008506	33.857497
-78.007333	33.857497
-78.006159	33.856324
-78.005573	33.85603
-78.004106	33.855737
-78.003519	33.85515
-78.002639	33.85515
-77.999999	33.85427
-77.999999	33.85427
# -b
-78.015253	33.909421
-78.01496	33.910888
-78.01496	33.911181
-78.013493	33.911768
-78.012613	33.912648
-78.011733	33.913234
-78.010266	33.913234
-78.009093	33.914408
-78.00792	33.914408
-78.00704	33.914408
-78.006453	33.914114
-78.005573	33.913528
-78.005573	33.911181
-78.008213	33.908541
-78.009093	33.907367
-78.009093	33.906487
-78.01056	33.905314
-78.011147	33.90502
-78.013493	33.90502
-78.01496	33.906487
-78.015253	33.909421
# -b
-78.487261	33.873632
-78.489314	33.874218
-78.489608	33.874512
-78.489901	33.876565
-78.489314	33.877152
-78.489021	33.877152
-78.487554	33.877445
-78.486674	33.876858
-78.486967	33.875685
-78.486674	33.874218
-78.487261	33.873632
# -b
-77.999999	33.924969
-78.002639	33.924088
-78.004986	33.923795
-78.005866	33.923502
-78.00704	33.922035
-78.0088	33.920862
-78.009973	33.920568
-78.011147	33.919982
-78.011733	33.919688
-78.012907	33.918808
-78.0132	33.918808
-78.015253	33.917341
-78.015547	33.917341
-78.016427	33.917341
-78.017894	33.916461
-78.020534	33.916461
-78.021121	33.916461
-78.021707	33.917341
-78.022587	33.916461
-78.022881	33.916461
-78.023467	33.916168
-78.023174	33.913234
-78.023467	33.912354
-78.025228	33.910301
-78.026988	33.908834
-78.027868	33.908834
-78.028748	33.908247
-78.029041	33.908247
-78.031095	33.907367
-78.032561	33.905901
-78.032561	33.90502
-78.033735	33.903554
-78.034028	33.90238
-78.034908	33.9015
-78.035202	33.901207
-78.034615	33.900327
-78.033735	33.900033
-78.032561	33.899447
-78.031388	33.89886
-78.030508	33.89798
-78.029628	33.898567
-78.027281	33.89974
-78.024641	33.900033
-78.023761	33.89974
-78.023467	33.899153
-78.024641	33.89798
-78.024347	33.897393
-78.023761	33.897393
-78.023174	33.898273
-78.022587	33.899153
-78.022001	33.899153
-78.021121	33.898567
-78.019654	33.89798
-78.01848	33.8971
-78.018187	33.897393
-78.016134	33.898273
-78.015547	33.89798
-78.015253	33.897687
-78.01408	33.897393
-78.0132	33.896513
-78.0132	33.89534
-78.0132	33.893286
-78.013787	33.8927
-78.01408	33.891233
-78.014373	33.890353
-78.01584	33.888593
-78.01672	33.888299
-78.01848	33.888299
-78.019067	33.888299
-78.019947	33.888886
-78.024641	33.888886
-78.025814	33.890059
-78.030801	33.890059
-78.031095	33.890353
-78.031975	33.890646
-78.033148	33.890646
-78.034322	33.891526
-78.036668	33.891526
-78.036962	33.892113
-78.037548	33.892406
-78.038428	33.892406
-78.039895	33.892406
-78.040775	33.892993
-78.043122	33.892993
-78.043709	33.893873
-78.045176	33.894166
-78.046642	33.894753
-78.049869	33.894753
-78.050456	33.895633
-78.053096	33.895633
-78.05427	33.896513
-78.057497	33.896513
-78.058377	33.897393
-78.060723	33.897393
-78.061017	33.89798
-78.061897	33.898273
-78.06395	33.898273
-78.064537	33.89886
-78.067471	33.899153
-78.068351	33.89974
-78.070404	33.900033
-78.071578	33.90062
-78.072751	33.90062
-78.073338	33.900913
-78.074218	33.9015
-78.075978	33.9015
-78.077445	33.90238
-78.079791	33.90238
-78.080965	33.90326
-78.082725	33.90326
-78.084192	33.90414
-78.087125	33.90414
-78.088005	33.904727
-78.090059	33.904727
-78.090939	33.90502
-78.091526	33.905607
-78.095633	33.905607
-78.096219	33.906194
-78.096806	33.906487
-78.1015	33.906487
-78.10238	33.906781
-78.102673	33.907074
-78.10326	33.907367
-78.105313	33.907367
-78.106193	33.907954
-78.108834	33.908247
-78.109714	33.908834
-78.110594	33.909127
-78.11206	33.909127
-78.11294	33.909714
-78.124968	33.910007
-78.125555	33.910594
-78.129955	33.910594
-78.130248	33.911181
-78.130835	33.911474
-78.134649	33.911474
-78.135822	33.912354
-78.140516	33.912354
-78.142276	33.912354
-78.142863	33.912941
-78.144036	33.913234
-78.146676	33.913234
-78.15313	33.913234
-78.15401	33.914114
-78.172785	33.914114
-78.173665	33.914701
-78.174545	33.914995
-78.178652	33.914701
-78.180119	33.914114
-78.19948	33.914114
-78.200067	33.913821
-78.20036	33.913528
-78.200947	33.913234
-78.206521	33.913234
-78.212388	33.913528
-78.213268	33.913234
-78.224709	33.913234
-78.226175	33.913234
-78.227055	33.913821
-78.228522	33.914114
-78.229696	33.914995
-78.239376	33.914995
-78.241136	33.914114
-78.250817	33.914114
-78.252284	33.913234
-78.272232	33.913234
-78.273405	33.912354
-78.280152	33.912354
-78.281033	33.911768
-78.28778	33.911474
-78.28866	33.910888
-78.29482	33.910594
-78.2957	33.910007
-78.29658	33.909714
-78.310661	33.910007
-78.311541	33.909127
-78.312128	33.908834
-78.314768	33.909127
-78.318582	33.909127
-78.320049	33.908541
-78.323569	33.908247
-78.327089	33.908247
-78.327969	33.908247
-78.329143	33.907661
-78.33325	33.907661
-78.334716	33.906781
-78.33853	33.906781
-78.339117	33.906487
-78.339703	33.905901
-78.346157	33.905901
-78.347037	33.905314
-78.349091	33.90502
-78.350558	33.904434
-78.351438	33.90414
-78.357891	33.90414
-78.358771	33.903554
-78.359652	33.90326
-78.364345	33.90326
-78.365812	33.90238
-78.374026	33.902674
-78.374906	33.90326
-78.375786	33.90326
-78.376373	33.903554
-78.376666	33.90414
-78.376666	33.904727
-78.376373	33.905314
-78.375493	33.905901
-78.375199	33.905901
-78.374906	33.906194
-78.375199	33.908541
-78.376666	33.909421
-78.377546	33.909127
-78.380186	33.909127
-78.381066	33.908247
-78.38224	33.908541
-78.384293	33.910888
-78.385467	33.910888
-78.385173	33.910594
-78.384293	33.910007
-78.384	33.909714
-78.384293	33.909127
-78.385467	33.907661
-78.38576	33.907074
-78.385467	33.906194
-78.385173	33.905901
-78.384	33.906781
-78.382533	33.906781
-78.381653	33.906194
-78.38136	33.905314
-78.38136	33.904434
-78.381653	33.90414
-78.386053	33.899447
-78.38752	33.899153
-78.3884	33.89798
-78.389574	33.897393
-78.390747	33.8971
-78.391627	33.896807
-78.393094	33.896513
-78.398961	33.896513
-78.400134	33.895633
-78.402188	33.895926
-78.402775	33.895046
-78.406295	33.894753
-78.407175	33.894166
-78.408935	33.894166
-78.409522	33.89358
-78.412749	33.893286
-78.414215	33.892406
-78.415682	33.892406
-78.416562	33.891526
-78.417736	33.891526
-78.418029	33.891526
-78.418616	33.890939
-78.420376	33.890939
-78.421549	33.890059
-78.424483	33.890059
-78.42595	33.889179
-78.427123	33.889179
-78.42771	33.888593
-78.428296	33.888299
-78.430057	33.888299
-78.431523	33.887419
-78.435044	33.887419
-78.435924	33.887126
-78.436217	33.886832
-78.43651	33.886539
-78.438564	33.886832
-78.439737	33.885952
-78.441204	33.885952
-78.442377	33.885072
-78.444138	33.885072
-78.444724	33.884779
-78.445604	33.884192
-78.447364	33.884192
-78.447951	33.883312
-78.449418	33.883312
-78.450298	33.882726
-78.452058	33.882432
-78.452058	33.882432
-78.453818	33.882432
-78.454698	33.881845
-78.455578	33.881552
-78.456752	33.880672
-78.458219	33.880672
-78.459099	33.880085
-78.460565	33.880085
-78.461446	33.879205
-78.461739	33.879205
-78.464672	33.879205
-78.465846	33.878325
-78.466139	33.878325
-78.466726	33.878032
-78.467019	33.877739
-78.467606	33.877445
-78.468486	33.877739
-78.469073	33.877445
-78.469659	33.876858
-78.47142	33.876858
-78.472006	33.875978
-78.472886	33.875978
-78.473766	33.875392
-78.474353	33.875098
-78.475233	33.875098
-78.476113	33.874512
-78.478167	33.874218
-78.479047	33.873338
-78.485207	33.873338
-78.486087	33.874218
-78.486381	33.875392
-78.486087	33.876565
-78.483154	33.876565
-78.48198	33.877445
-78.47758	33.877445
-78.476993	33.878325
-78.475233	33.878325
-78.471126	33.882139
-78.470246	33.882432
-78.469073	33.883606
-78.467606	33.884486
-78.468193	33.884779
-78.468779	33.885072
-78.469073	33.883899
-78.469953	33.883312
-78.471713	33.883312
-78.472886	33.882432
-78.47494	33.882432
-78.475527	33.882139
-78.47582	33.881845
-78.476407	33.881552
-78.47846	33.881845
-78.479047	33.882139
-78.47934	33.883019
-78.479633	33.883312
-78.481687	33.883312
-78.481394	33.883019
-78.480807	33.882139
-78.480807	33.881259
-78.480807	33.880672
-78.481394	33.880085
-78.484327	33.880085
-78.485207	33.879205
-78.486087	33.878912
-78.487261	33.878032
-78.489901	33.877445
-78.491074	33.877445
-78.492248	33.878325
-78.492834	33.878032
-78.492248	33.877445
-78.491074	33.876858
-78.490488	33.875978
-78.490488	33.874805
-78.489901	33.874218
-78.490488	33.873338
-78.490781	33.873045
-78.489901	33.872165
-78.489901	33.871578
-78.491661	33.869818
-78.493128	33.869818
-78.494301	33.869231
-78.499875	33.868938
-78.501048	33.868351
-78.503102	33.868351
-78.503689	33.868351
-78.504862	33.867471
-78.506915	33.867471
-78.508089	33.866591
-78.508969	33.866591
-78.509849	33.866004
-78.512196	33.865711
-78.513076	33.864831
-78.515129	33.865124
-78.515423	33.864831
-78.516303	33.864244
-78.517476	33.863951
-78.518356	33.863364
-78.518943	33.863364
-78.520996	33.861604
-78.52657	33.861604
-78.527157	33.861897
-78.528037	33.862777
-78.528037	33.863364
-78.527744	33.863657
-78.526864	33.863951
-78.526277	33.864538
-78.52569	33.864831
-78.52393	33.864831
-78.522757	33.865711
-78.521583	33.865711
-78.520996	33.866298
-78.520703	33.867764
-78.520996	33.868645
-78.52129	33.868938
-78.521877	33.869231
-78.52305	33.869231
-78.523637	33.868351
-78.523637	33.867178
-78.52481	33.865711
-78.52569	33.865711
-78.526864	33.864831
-78.532731	33.865124
-78.533611	33.864831
-78.535664	33.862777
-78.535958	33.861311
-78.536251	33.861017
-78.537131	33.860431
-78.537424	33.860137
-78.537131	33.859844
-78.536544	33.860137
-78.535664	33.860724
-78.533611	33.863071
-78.532731	33.863364
-78.531557	33.864244
-78.53009	33.863951
-78.529504	33.863657
-78.52921	33.863364
-78.52921	33.861311
-78.53097	33.85867
-78.531851	33.858084
-78.532731	33.85691
-78.534784	33.85515
-78.535664	33.854857
-78.537131	33.853977
-78.539478	33.85427
-78.544171	33.853977
-78.545932	33.855737
-78.547105	33.85603
-78.547398	33.856324
-78.547692	33.857204
-78.548278	33.858377
-78.546812	33.859844
-78.546225	33.860137
-78.545052	33.859844
-78.543585	33.860724
-78.543585	33.862191
-78.544465	33.861017
-78.545052	33.860724
-78.549158	33.860724
-78.550919	33.85867
-78.550919	33.857497
-78.551799	33.856324
-78.551799	33.854857
-78.550919	33.854857
-78.550039	33.85427
-78.550039	33.853683
-78.550039	33.852217
-78.551212	33.851043
-78.552385	33.85075
-78.553559	33.84987
-78.553852	33.84987
-78.555319	33.84899
-78.558839	33.84899
-78.560013	33.84811
-78.563826	33.848403
-78.565	33.847523
-78.567346	33.847523
-78.568227	33.846643
-78.568813	33.846643
-78.574094	33.84635
-78.574974	33.845763
-78.579961	33.845763
-78.581134	33.844883
-78.583188	33.844883
-78.584068	33.844296
-78.585534	33.844003
-78.587001	33.843123
-78.588468	33.843123
-78.589055	33.842243
-78.590815	33.842243
-78.591695	33.841656
-78.594922	33.841656
-78.596095	33.840776
-78.601082	33.840776
-78.601669	33.841656
-78.602256	33.841656
-78.603136	33.840776
-78.604016	33.840776
-78.604896	33.840189
-78.606656	33.839896
-78.607536	33.839309
-78.609003	33.839016
-78.610176	33.838136
-78.611056	33.837842
-78.613403	33.836669
-78.614283	33.836376
-78.61487	33.835789
-78.61575	33.835789
-78.616923	33.834909
-78.61839	33.834909
-78.618977	33.834029
-78.62191	33.834029
-78.622497	33.833149
-78.624257	33.833149
-78.625137	33.832562
-78.626017	33.832269
-78.626897	33.831389
-78.628951	33.831682
-78.630124	33.830802
-78.632178	33.830802
-78.633058	33.829922
-78.634231	33.829922
-78.635111	33.829042
-78.636871	33.828748
-78.637458	33.828162
-78.639218	33.828162
-78.640098	33.827282
-78.640978	33.827282
-78.641858	33.826695
-78.643619	33.826401
-78.644499	33.825815
-78.645379	33.825815
-78.646845	33.824935
-78.649779	33.824935
-78.650952	33.824055
-78.653886	33.824055
-78.654766	33.823468
-78.656526	33.823468
-78.658286	33.821414
-78.65858	33.821414
-78.660046	33.821414
-78.660926	33.820828
-78.6621	33.820828
-78.662687	33.820534
-78.663567	33.819948
-78.665033	33.819948
-78.665914	33.819068
-78.66738	33.818774
-78.668554	33.818188
-78.670901	33.818188
-78.671487	33.817601
-78.672367	33.817307
-78.673247	33.816721
-78.674714	33.816427
-78.675888	33.815547
-78.677061	33.815547
-78.677648	33.814667
-78.679701	33.814961
-78.680875	33.814081
-78.682341	33.813787
-78.684101	33.813201
-78.685275	33.81232
-78.686448	33.81232
-78.687328	33.811734
-78.688208	33.81144
-78.689089	33.810854
-78.690555	33.81056
-78.692902	33.80968
-78.693489	33.809094
-78.694369	33.8088
-78.697596	33.807333
-78.697889	33.806747
-78.699063	33.806453
-78.701409	33.804987
-78.702876	33.804693
-78.70317	33.804107
-78.704343	33.803813
-78.705223	33.803226
-78.70669	33.803226
-78.70757	33.802346
-78.709037	33.802346
-78.709917	33.80176
-78.71109	33.801466
-78.71197	33.800586
-78.713144	33.800586
-78.714024	33.8
-78.71637	33.79912
-78.717251	33.798533
-78.719011	33.798239
-78.723411	33.795893
-78.723998	33.795893
-78.725171	33.795013
-78.725464	33.794133
-78.726638	33.793839
-78.727811	33.793252
-78.728691	33.793252
-78.729278	33.792959
-78.730745	33.791492
-78.731332	33.791492
-78.733092	33.790026
-78.733678	33.790026
-78.736612	33.788265
-78.737492	33.787972
-78.739252	33.786505
-78.739545	33.786505
-78.740132	33.786505
-78.741306	33.785039
-78.742479	33.784745
-78.743066	33.784158
-78.744826	33.784158
-78.747466	33.782398
-78.748933	33.782398
-78.749813	33.781812
-78.75128	33.781518
-78.751866	33.781225
-78.7548	33.778291
-78.75744	33.777118
-78.7592	33.775651
-78.76008	33.775651
-78.76096	33.774771
-78.761547	33.774771
-78.763601	33.773304
-78.764187	33.773011
-78.764774	33.772718
-78.765654	33.771838
-78.765947	33.771544
-78.767121	33.771544
-78.767707	33.771251
-78.769468	33.769784
-78.769761	33.769784
-78.770934	33.769197
-78.772401	33.768904
-78.773868	33.767437
-78.775041	33.767144
-78.775628	33.766851
-78.775921	33.766557
-78.777388	33.766557
-78.778855	33.76509
# -b
-77.999999	33.882432
-77.998239	33.884486
-77.998532	33.885366
-77.997066	33.886539
-77.996479	33.886246
-77.995599	33.885366
-77.995012	33.885659
-77.994425	33.886246
-77.994132	33.888593
-77.993839	33.889473
-77.993545	33.890059
-77.991492	33.890059
-77.990612	33.890059
-77.989732	33.889179
-77.989145	33.889473
-77.990025	33.890646
-77.990025	33.8927
-77.989732	33.892993
-77.990612	33.894166
-77.989732	33.895633
-77.988265	33.896807
-77.986505	33.896807
-77.985918	33.896513
-77.985331	33.895926
-77.984451	33.895926
-77.983278	33.8971
-77.982398	33.897393
-77.980638	33.897687
-77.979758	33.897687
-77.977997	33.89886
-77.976824	33.899153
-77.975357	33.900033
-77.973597	33.900033
-77.971837	33.900913
-77.970664	33.900913
-77.969784	33.90062
-77.969197	33.900327
-77.96773	33.898273
-77.967437	33.896513
-77.96773	33.895926
-77.96861	33.894753
-77.96861	33.89446
-77.96861	33.893873
-77.967437	33.893873
-77.967143	33.89358
-77.96685	33.891233
-77.967143	33.890353
-77.968317	33.889473
-77.969784	33.888886
-77.97037	33.888299
-77.970664	33.887713
-77.970077	33.887419
-77.969197	33.887419
-77.96861	33.886832
-77.96861	33.885952
-77.966557	33.885072
-77.967143	33.887126
-77.964797	33.889473
-77.964797	33.890353
-77.963623	33.890939
-77.959809	33.891233
-77.959223	33.891526
-77.959223	33.89182
-77.96069	33.892993
-77.96069	33.89358
-77.96069	33.893873
-77.959809	33.89446
-77.959516	33.894753
-77.958929	33.895046
-77.958636	33.895046
-77.958343	33.895633
-77.959223	33.896807
-77.960396	33.896807
-77.961276	33.895926
-77.96157	33.895926
-77.962743	33.896807
-77.96333	33.897393
-77.963623	33.898273
-77.96333	33.89886
-77.96245	33.89974
-77.961863	33.900033
-77.959516	33.900033
-77.959223	33.900327
-77.959223	33.902674
-77.958929	33.90326
-77.958049	33.90414
-77.956583	33.90414
-77.956876	33.905607
-77.957756	33.905901
-77.958343	33.905901
-77.959516	33.906487
-77.959809	33.907661
-77.959809	33.908247
-77.959809	33.906487
-77.959516	33.905607
-77.96069	33.904434
-77.961863	33.904434
-77.961863	33.90326
-77.96245	33.90238
-77.965383	33.9015
-77.967437	33.902967
-77.96773	33.903554
-77.969197	33.903847
-77.969197	33.90414
-77.97037	33.904434
-77.970664	33.904727
-77.970664	33.904727
-77.970957	33.904434
-77.970957	33.90326
-77.971837	33.902674
-77.973304	33.90238
-77.974771	33.90238
-77.974771	33.902087
-77.974477	33.901794
-77.974477	33.901207
-77.975064	33.900913
-77.976237	33.90062
-77.976824	33.900327
-77.977704	33.900327
-77.977704	33.900033
-77.978584	33.899153
-77.980051	33.898273
-77.980344	33.898567
-77.981224	33.89974
-77.982104	33.899153
-77.983571	33.899153
-77.985625	33.899153
-77.985918	33.899447
-77.986505	33.900327
-77.984451	33.90238
-77.984158	33.90238
-77.983571	33.90238
-77.982984	33.902674
-77.980931	33.904727
-77.980344	33.906194
-77.980344	33.906487
-77.978878	33.906781
-77.978584	33.907367
-77.979171	33.908541
-77.978584	33.909127
-77.978584	33.909714
-77.977704	33.910888
-77.977704	33.911181
-77.977411	33.912061
-77.976824	33.912354
-77.975357	33.912354
-77.975064	33.912354
-77.975064	33.912354
-77.975357	33.912648
-77.974477	33.913821
-77.973891	33.914114
-77.970664	33.914114
-77.973597	33.914408
-77.973891	33.914701
-77.973891	33.915288
-77.972424	33.917048
-77.97213	33.919395
-77.971544	33.920568
-77.970957	33.920862
-77.970077	33.920862
-77.969197	33.921742
-77.96773	33.921742
-77.966263	33.921448
-77.965383	33.920862
-77.964503	33.920862
-77.961863	33.920568
-77.960983	33.920862
-77.961276	33.921448
-77.961863	33.921155
-77.963036	33.921155
-77.96333	33.921448
-77.963623	33.921742
-77.96333	33.922915
-77.963036	33.924675
-77.962743	33.924969
-77.958343	33.925262
-77.957463	33.925262
-77.956876	33.924969
-77.955996	33.924088
-77.953649	33.924382
-77.953356	33.924382
-77.953062	33.925555
-77.951009	33.925849
-77.951302	33.926435
-77.951009	33.927022
-77.950129	33.928195
-77.950129	33.929076
-77.948662	33.930542
-77.948662	33.931129
-77.949249	33.931422
-77.949542	33.932889
-77.949249	33.933769
-77.950716	33.935823
-77.950716	33.936409
-77.952182	33.937583
-77.952769	33.938463
-77.952476	33.939343
-77.952182	33.940223
-77.950716	33.941396
-77.950716	33.94257
-77.950129	33.943157
-77.949835	33.94521
-77.950129	33.94697
-77.950422	33.94785
-77.951009	33.948437
-77.951009	33.949024
-77.950716	33.950197
-77.950129	33.950784
-77.948955	33.950784
-77.947195	33.95049
-77.947195	33.950197
-77.945728	33.949904
-77.944262	33.950197
-77.943382	33.950784
-77.942795	33.950784
-77.942208	33.95049
-77.941328	33.949317
-77.941035	33.949904
-77.941035	33.951664
-77.940741	33.952837
-77.939275	33.953424
-77.935168	33.953424
-77.933408	33.954011
-77.932528	33.954011
-77.931061	33.955477
-77.931061	33.956064
-77.933114	33.955771
-77.933994	33.955184
-77.937221	33.954891
-77.937808	33.955184
-77.938101	33.955771
-77.939568	33.955771
-77.941328	33.956651
-77.942208	33.956357
-77.942795	33.956651
-77.943088	33.957531
-77.945142	33.957531
-77.945728	33.958118
-77.946022	33.958411
-77.946022	33.960171
-77.945728	33.960758
-77.944555	33.962225
-77.944262	33.962518
-77.943088	33.962225
-77.942502	33.962518
-77.943382	33.963105
-77.943675	33.963398
-77.943675	33.964278
-77.943382	33.965158
-77.943088	33.965745
-77.940155	33.965745
-77.939568	33.965158
-77.938395	33.966038
-77.937808	33.966625
-77.936928	33.968092
-77.936635	33.968385
-77.936341	33.968385
-77.935168	33.968972
-77.935168	33.970438
-77.933994	33.971025
-77.933408	33.971025
-77.931941	33.972199
-77.931061	33.972492
-77.929887	33.973079
-77.929301	33.972492
-77.927247	33.972492
-77.926074	33.971905
-77.924314	33.972492
-77.923434	33.973959
-77.923434	33.974839
-77.924314	33.976012
-77.924314	33.976599
-77.9249	33.977186
-77.924314	33.978359
-77.924314	33.980119
-77.922553	33.981586
-77.921673	33.983346
-77.921673	33.985693
-77.922553	33.986573
-77.922553	33.987746
-77.922847	33.988333
-77.923434	33.98892
-77.924607	33.989213
-77.925194	33.990387
-77.925194	33.99156
-77.926074	33.99244
-77.926074	33.993613
-77.926074	33.9942
-77.925194	33.994494
-77.924314	33.995667
-77.92138	34.000067
# -b
-77.999999	33.85427
-77.998532	33.85339
-77.997359	33.853683
-77.997066	33.85339
-77.996772	33.852803
-77.995012	33.85251
-77.993839	33.852803
-77.993252	33.85251
-77.992959	33.851923
-77.992372	33.85163
-77.990905	33.851923
-77.990318	33.85163
-77.989732	33.851043
-77.987091	33.851043
-77.985918	33.850163
-77.984745	33.850163
-77.983278	33.849283
-77.982104	33.849283
-77.981518	33.848403
-77.980051	33.84811
-77.979464	33.847816
-77.977997	33.847816
-77.977411	33.847523
-77.977117	33.846643
-77.975944	33.846056
-77.974184	33.845763
-77.97301	33.844589
-77.97213	33.844296
-77.969784	33.842243
-77.96861	33.841363
-77.96685	33.839896
-77.965677	33.839602
-77.96509	33.839309
-77.961863	33.839309
-77.960983	33.839602
-77.960983	33.842536
-77.96069	33.843416
-77.960396	33.844003
-77.960103	33.844883
-77.960396	33.84811
-77.96069	33.848696
-77.960983	33.851337
-77.961276	33.85427
-77.961276	33.859257
-77.96069	33.860137
-77.960103	33.860431
-77.960103	33.860724
-77.960103	33.861604
-77.959223	33.862484
-77.959223	33.863951
-77.958929	33.864538
-77.958343	33.865124
-77.958636	33.867764
-77.958636	33.868645
-77.958049	33.869818
-77.958049	33.873925
-77.957756	33.874805
-77.956876	33.875685
-77.956876	33.877445
-77.956583	33.878325
-77.955996	33.879205
-77.955996	33.883312
-77.955116	33.884192
-77.955409	33.885952
-77.954822	33.886832
-77.954529	33.887713
-77.954236	33.889473
-77.953356	33.890059
-77.953649	33.891526
-77.953649	33.892993
-77.953356	33.893286
-77.952476	33.89446
-77.952476	33.894753
-77.951889	33.895633
-77.951889	33.89622
-77.951302	33.8971
-77.950716	33.8971
-77.951009	33.899153
-77.950422	33.89974
-77.950422	33.900033
-77.949249	33.901794
-77.949249	33.902674
-77.948955	33.903554
-77.948369	33.90414
-77.948369	33.904727
-77.948369	33.905901
-77.947782	33.906487
-77.947489	33.907954
-77.946902	33.909127
-77.946902	33.910888
-77.946022	33.911768
-77.946022	33.912648
-77.945142	33.914114
-77.945142	33.915288
-77.944848	33.915875
-77.944555	33.916168
-77.944555	33.917928
-77.943675	33.919101
-77.943088	33.921155
-77.942502	33.921448
-77.942795	33.923795
-77.942502	33.924382
-77.941035	33.925555
-77.940741	33.926435
-77.941035	33.927609
-77.941622	33.927902
-77.941622	33.927902
-77.941622	33.929369
-77.941035	33.929369
-77.940448	33.927609
-77.938981	33.927315
-77.937221	33.927902
-77.936928	33.928782
-77.936048	33.929956
-77.936048	33.930836
-77.935168	33.931716
-77.934874	33.932596
-77.934288	33.933182
-77.934288	33.934943
-77.933701	33.935529
-77.933408	33.936409
-77.932821	33.936996
-77.932528	33.93817
-77.931647	33.940223
-77.930767	33.941103
-77.930474	33.941983
-77.929887	33.94257
-77.929887	33.943743
-77.929301	33.944037
-77.929301	33.944623
-77.928714	33.945797
-77.928421	33.946383
-77.927834	33.947263
-77.927834	33.948144
-77.926954	33.949317
-77.926074	33.951664
-77.926367	33.951957
-77.92578	33.952837
-77.925194	33.953131
-77.9249	33.954304
-77.923727	33.955184
-77.923434	33.956064
-77.923434	33.957531
-77.922847	33.958411
-77.922847	33.959584
-77.921967	33.960758
-77.921967	33.961931
-77.921087	33.963105
-77.921087	33.964865
-77.920207	33.964865
-77.919327	33.965745
-77.919327	33.966625
-77.91874	33.967212
-77.918447	33.968092
-77.9161	33.970438
-77.915806	33.971612
-77.914633	33.973959
-77.91346	33.974839
-77.91346	33.975719
-77.912579	33.976599
-77.912579	33.978359
-77.911993	33.978946
-77.911699	33.980706
-77.911113	33.981586
-77.910819	33.982466
-77.910233	33.983346
-77.910233	33.983639
-77.910233	33.984813
-77.909353	33.985693
-77.909059	33.986866
-77.908472	33.987453
-77.908472	33.988333
-77.907592	33.989213
-77.907299	33.990973
-77.906712	33.99156
-77.907006	33.992733
-77.906712	33.9942
-77.906126	33.994787
-77.906126	33.995667
-77.904952	33.996547
-77.904952	33.997427
-77.904072	34.000067
# -b
-77.92578	34.000067
-77.927247	33.99772
-77.928421	33.996547
-77.929594	33.996547
-77.930474	33.996254
-77.930767	33.99596
-77.931061	33.994787
-77.931647	33.9942
-77.931941	33.993027
-77.932234	33.992733
-77.934288	33.992147
-77.934874	33.99156
-77.935754	33.99156
-77.936928	33.99068
-77.939275	33.99068
-77.940155	33.99068
-77.941035	33.991853
-77.941915	33.993027
-77.941622	33.993613
-77.941328	33.993613
-77.941035	33.9942
-77.942502	33.995374
-77.942502	33.996547
-77.943088	33.997427
-77.941035	34.000067
# -b
-77.953942	34.000067
-77.955116	33.9898
-77.955409	33.98804
-77.955703	33.987453
-77.956289	33.98716
-77.956876	33.98628
-77.957169	33.984813
-77.957169	33.98452
-77.956876	33.984226
-77.956583	33.983346
-77.955996	33.982466
-77.954236	33.981879
-77.953942	33.980413
-77.953942	33.977479
-77.954529	33.976892
-77.953356	33.975719
-77.953356	33.974839
-77.955116	33.973372
-77.955703	33.973372
-77.956583	33.973665
-77.957463	33.974839
-77.958049	33.974839
-77.960103	33.974839
-77.960396	33.974839
-77.96069	33.974252
-77.96245	33.973959
-77.962743	33.973665
-77.960983	33.973665
-77.960103	33.972785
-77.958636	33.971905
-77.958343	33.971319
-77.957756	33.971025
-77.956583	33.971905
-77.955409	33.971319
-77.954822	33.970145
-77.954822	33.968092
-77.955116	33.967505
-77.955996	33.966332
-77.955996	33.964278
-77.956876	33.962811
-77.956876	33.962518
-77.957756	33.961345
-77.957756	33.959878
-77.957463	33.959584
-77.957756	33.958998
-77.958049	33.958704
-77.958636	33.958411
-77.960103	33.958118
-77.960396	33.957238
-77.96421	33.953424
-77.967143	33.953424
-77.96773	33.952544
-77.969197	33.952544
-77.969784	33.952837
-77.970077	33.953717
-77.970077	33.954304
-77.968903	33.955477
-77.967143	33.955771
-77.965677	33.957531
-77.964503	33.958411
-77.96421	33.958411
-77.963036	33.958998
-77.962743	33.959584
-77.96245	33.961051
-77.961863	33.962225
-77.961863	33.962518
-77.963036	33.962225
-77.964503	33.960758
-77.965383	33.960758
-77.96773	33.958411
-77.96861	33.958118
-77.968903	33.958118
-77.97125	33.955477
-77.97213	33.955184
-77.973304	33.954891
-77.973597	33.954597
-77.973891	33.953717
-77.975064	33.952837
-77.975064	33.952544
-77.975651	33.952544
-77.978291	33.948437
-77.979171	33.948144
-77.980051	33.94873
-77.980931	33.950197
-77.980931	33.950784
-77.980051	33.952251
-77.980344	33.954011
-77.980638	33.954304
-77.980931	33.953717
-77.980931	33.952837
-77.981224	33.951957
-77.981518	33.951664
-77.981811	33.950784
-77.982691	33.949904
-77.982984	33.94873
-77.983571	33.94785
-77.983571	33.94697
-77.984451	33.946383
-77.984745	33.945503
-77.985918	33.943743
-77.986505	33.942863
-77.987678	33.942276
-77.987678	33.941396
-77.989145	33.940223
-77.989438	33.939636
-77.989438	33.937583
-77.988558	33.935529
-77.988558	33.934063
-77.989145	33.933476
-77.991492	33.933182
-77.992078	33.932302
-77.993252	33.931129
-77.994425	33.929662
-77.995012	33.928489
-77.997066	33.926729
-77.999999	33.924969
# -b
-77.988265	33.93817
-77.987678	33.93905
-77.987385	33.939343
-77.985918	33.93905
-77.985038	33.938463
-77.984451	33.937583
-77.984745	33.937289
-77.984745	33.936703
-77.985918	33.936703
-77.987091	33.935529
-77.987385	33.935529
-77.987972	33.935823
-77.988558	33.936996
-77.988265	33.93817
# -b
-77.972717	33.94081
-77.97213	33.94081
-77.97125	33.940516
-77.970957	33.940223
-77.970664	33.937583
-77.971837	33.936409
-77.972424	33.936116
-77.974184	33.935823
-77.975064	33.934943
-77.976531	33.934356
-77.977117	33.933476
-77.978291	33.933476
-77.979464	33.933476
-77.980344	33.934356
-77.979758	33.935529
-77.979464	33.935823
-77.978584	33.936409
-77.977704	33.937289
-77.975357	33.937876
-77.975064	33.93817
-77.974477	33.938463
-77.973304	33.940223
-77.972717	33.94081
# -b
-77.999999	33.890939
-77.999412	33.892113
-77.999412	33.893286
-77.998239	33.894166
-77.997066	33.894166
-77.996772	33.893873
-77.995892	33.89182
-77.995892	33.890939
-77.996479	33.890059
-77.997359	33.889766
-77.998826	33.890059
-77.999412	33.890353
-77.999999	33.890939
# -b
-77.981811	33.944917
-77.979171	33.947263
-77.978584	33.947557
-77.977117	33.947557
-77.976531	33.947557
-77.975944	33.946383
-77.976237	33.945503
-77.976531	33.94521
-77.978291	33.944917
-77.978584	33.943157
-77.979464	33.941983
-77.980344	33.94169
-77.980931	33.94169
-77.981224	33.941983
-77.981811	33.94257
-77.981811	33.944917
# -b
-77.975064	33.949024
-77.973597	33.95049
-77.973304	33.951077
-77.971837	33.950784
-77.970957	33.950197
-77.970664	33.948437
-77.97125	33.947557
-77.971837	33.947263
-77.97301	33.947263
-77.973304	33.947557
-77.975064	33.949024
# -b
-77.941915	33.973372
-77.942502	33.974545
-77.943382	33.975132
-77.943675	33.975132
-77.944262	33.976012
-77.945142	33.976599
-77.945728	33.976892
-77.946315	33.976306
-77.946902	33.975426
-77.946022	33.974252
-77.946609	33.973665
-77.946609	33.973079
-77.946315	33.972785
-77.945728	33.972492
-77.942795	33.972492
-77.941915	33.973079
-77.941915	33.973372
# -b
-77.941035	33.983346
-77.942502	33.983639
-77.943968	33.983639
-77.944262	33.98452
-77.943968	33.985106
-77.943088	33.98628
-77.942208	33.986866
-77.941622	33.986573
-77.939861	33.985106
-77.939861	33.98452
-77.940448	33.983346
-77.941035	33.983346
# -b
-77.994719	33.891526
-77.995599	33.892406
-77.995892	33.894166
-77.995305	33.894753
-77.993839	33.895926
-77.991785	33.895926
-77.991492	33.895633
-77.990905	33.894753
-77.991198	33.892993
-77.991492	33.8927
-77.993252	33.8927
-77.994719	33.891526
# -b
-77.993252	33.914995
-77.995012	33.916755
-77.995305	33.917048
-77.995892	33.916755
-77.996772	33.915875
-77.997066	33.914408
-77.995892	33.913234
-77.994719	33.913234
-77.994425	33.913234
-77.993252	33.914114
-77.993252	33.914995
# -b
-77.941035	33.978359
-77.940741	33.977772
-77.941328	33.976892
-77.942795	33.976599
-77.943382	33.976892
-77.944262	33.977479
-77.944262	33.978066
-77.943675	33.978946
-77.942502	33.979239
-77.941622	33.979239
-77.941035	33.978359
# -b
-77.989145	33.910007
-77.987678	33.911474
-77.985331	33.911768
-77.984158	33.912061
-77.982398	33.912354
-77.982104	33.913234
-77.983571	33.912648
-77.984158	33.912648
-77.985038	33.913234
-77.985331	33.914408
-77.986211	33.915288
-77.985038	33.917048
-77.983278	33.918221
-77.982691	33.918221
-77.982104	33.917928
-77.981518	33.918221
-77.980931	33.918808
-77.981811	33.919982
-77.982104	33.920862
-77.981224	33.922328
-77.979758	33.922915
-77.979758	33.923208
-77.976824	33.923502
-77.975357	33.923502
-77.974477	33.923502
-77.973304	33.923502
-77.972717	33.922622
-77.972717	33.919395
-77.973891	33.918221
-77.974184	33.916461
-77.975357	33.914995
-77.976531	33.914408
-77.976824	33.914408
-77.977117	33.914701
-77.977704	33.914995
-77.979171	33.915581
-77.979171	33.913528
-77.979171	33.911768
-77.979464	33.911474
-77.980638	33.910007
-77.981518	33.909127
-77.982398	33.909127
-77.982398	33.908247
-77.982398	33.907367
-77.982984	33.906781
-77.984158	33.905901
-77.985331	33.905901
-77.985918	33.905901
-77.986798	33.906487
-77.987091	33.907074
-77.989145	33.910007
# -b
-77.982691	33.927609
-77.983865	33.928782
-77.984745	33.929369
-77.986798	33.927315
-77.986798	33.925849
-77.985918	33.924969
-77.985625	33.924969
-77.984745	33.925262
-77.982691	33.927022
-77.982691	33.927609
# -b
-77.957463	33.834909
-77.958343	33.834322
-77.959223	33.834029
-77.960103	33.834029
-77.96157	33.835202
-77.96245	33.836376
-77.962743	33.837549
-77.96245	33.838429
-77.96157	33.838722
-77.960396	33.839309
-77.958636	33.838136
-77.958343	33.837256
-77.958343	33.835789
-77.957463	33.834909
# -b
-77.940741	33.982759
-77.940741	33.981586
-77.941035	33.980706
-77.941328	33.980413
-77.942502	33.979826
-77.942795	33.979826
-77.943968	33.980413
-77.944262	33.981293
-77.943968	33.982466
-77.943382	33.983053
-77.940741	33.982759
# -b
-77.999412	33.909421
-77.999999	33.909714
-77.999999	33.910594
-77.998826	33.911768
-77.997359	33.911768
-77.996772	33.911474
-77.995305	33.910301
-77.995305	33.909421
-77.994425	33.909127
-77.992665	33.907954
-77.992372	33.907074
-77.992372	33.906781
-77.992959	33.905901
-77.995012	33.905607
# -b
-77.995012	33.905607
-77.996479	33.90502
-77.997652	33.90502
-77.998532	33.905607
-77.999412	33.909421
# -b
-77.941035	34.000067
-77.939568	34.001241
-77.939275	34.002121
-77.938688	34.003001
-77.938688	34.003881
-77.937808	34.004761
-77.937515	34.005641
-77.936928	34.006814
-77.936635	34.007694
-77.935461	34.008868
-77.935168	34.009161
-77.933994	34.009455
-77.932528	34.009161
-77.930767	34.007694
-77.928714	34.007108
-77.928421	34.006814
-77.928127	34.005641
-77.927834	34.005348
-77.927541	34.004174
-77.925194	34.001534
-77.9249	34.000654
-77.92578	34.000067
-77.92578	34.000067
# -b
-77.639467	34.381135
-77.640053	34.380255
-77.640933	34.380255
-77.64152	34.379375
-77.643573	34.378494
-77.644747	34.377321
-77.646214	34.377321
-77.6468	34.377028
-77.647974	34.375854
-77.649441	34.375268
-77.650321	34.374094
-77.651494	34.373801
-77.652081	34.373214
-77.652667	34.372334
-77.653548	34.372334
-77.655601	34.371454
-77.655894	34.370867
-77.657068	34.370574
-77.658828	34.369694
-77.660588	34.36764
-77.662055	34.367347
-77.662935	34.36676
-77.663815	34.366467
-77.665575	34.365
-77.666748	34.365
-77.667629	34.36412
-77.668509	34.36412
-77.669389	34.363533
-77.670562	34.36324
-77.671149	34.36236
-77.672616	34.362067
-77.672909	34.36148
-77.675549	34.3606
-77.676136	34.360013
-77.677309	34.360013
-77.677896	34.359133
-77.678776	34.359133
-77.679656	34.358253
-77.680536	34.358253
-77.682003	34.356493
-77.682883	34.356493
-77.68435	34.355026
-77.685523	34.354733
-77.68611	34.354146
-77.687283	34.353266
-77.68787	34.353266
-77.68875	34.352973
-77.689337	34.351799
-77.69139	34.351506
-77.691684	34.351212
-77.69227	34.350039
-77.692857	34.350039
-77.693737	34.350039
-77.694324	34.349159
-77.695204	34.349159
-77.696377	34.348572
-77.697257	34.347692
-77.698431	34.345932
-77.699898	34.345639
-77.701364	34.343879
-77.702831	34.341238
-77.702831	34.340945
-77.704885	34.336838
-77.705178	34.335665
-77.706058	34.334785
-77.706351	34.333905
-77.706645	34.333318
-77.707525	34.331558
-77.708405	34.330678
-77.708991	34.329798
-77.711925	34.326864
-77.713098	34.326571
-77.714272	34.325104
-77.715445	34.325104
-77.715739	34.324517
-77.716619	34.323637
-77.717499	34.322757
-77.718672	34.32217
-77.719552	34.320997
-77.720432	34.32041
-77.723073	34.318357
-77.723659	34.318357
-77.725126	34.31689
-77.725713	34.316597
-77.726299	34.316597
-77.729526	34.313076
-77.72982	34.312196
-77.730993	34.31073
-77.732166	34.308969
-77.73334	34.307503
-77.733927	34.307209
-77.73422	34.306623
-77.737154	34.304276
-77.737154	34.302809
-77.738327	34.301636
-77.739207	34.300462
-77.74038	34.299582
-77.742727	34.296355
-77.743021	34.295475
-77.743607	34.294888
-77.744194	34.293422
-77.747421	34.290488
-77.747714	34.289608
-77.748008	34.288728
-77.748594	34.288435
-77.750354	34.287848
-77.750648	34.286088
-77.752995	34.284034
-77.752995	34.283154
-77.753875	34.281981
-77.754461	34.281687
-77.755048	34.280807
-77.757102	34.279047
-77.757102	34.278167
-77.757395	34.277581
-77.758568	34.276994
-77.759448	34.27494
-77.760915	34.273474
-77.761795	34.271713
-77.766782	34.267313
-77.769716	34.2635
-77.770596	34.261739
-77.771476	34.260859
-77.772063	34.260566
-77.773529	34.259393
-77.773823	34.258513
-77.775583	34.256459
-77.776463	34.255579
-77.777636	34.254699
-77.77881	34.253232
-77.779103	34.252939
-77.780863	34.250885
-77.78145	34.250592
-77.781743	34.249712
-77.781743	34.249125
-77.782623	34.248538
-77.78409	34.247952
-77.788197	34.243845
-77.789077	34.242965
-77.789371	34.242671
-77.790837	34.240911
-77.792891	34.238858
-77.793184	34.237978
-77.793478	34.237391
-77.794651	34.236511
-77.795531	34.235631
-77.795531	34.234751
-77.800225	34.23035
-77.800811	34.230057
-77.801105	34.229177
-77.801985	34.228884
-77.808732	34.22155
-77.809025	34.220963
-77.809319	34.220083
-77.811959	34.217443
-77.813132	34.217443
-77.819293	34.210696
-77.820466	34.209816
-77.82252	34.210109
-77.8234	34.210402
-77.825453	34.212456
-77.826333	34.213336
-77.828093	34.213629
-77.828973	34.214216
-77.83044	34.214509
-77.831027	34.214803
-77.831614	34.215096
-77.83308	34.215976
-77.83396	34.216856
-77.834841	34.216856
-77.835721	34.217443
-77.836894	34.217736
-77.838361	34.217443
-77.836601	34.215976
-77.835134	34.215096
-77.83396	34.214803
-77.833374	34.214509
-77.831907	34.213923
-77.831027	34.213043
-77.830147	34.212456
-77.829267	34.211576
-77.829267	34.210696
-77.829267	34.210109
-77.828973	34.209522
-77.828093	34.208642
-77.82692	34.208349
-77.824866	34.208056
-77.823986	34.207469
-77.823106	34.207175
-77.822226	34.206295
-77.82252	34.203655
-77.822226	34.202188
-77.82252	34.201602
-77.82252	34.199842
-77.823106	34.199255
-77.8234	34.198668
-77.8234	34.197495
-77.82428	34.196321
-77.824573	34.195441
-77.825747	34.194268
-77.826333	34.193388
-77.827213	34.192214
-77.829267	34.190161
-77.829854	34.188401
-77.832787	34.185761
-77.83308	34.184881
-77.83396	34.184
-77.838947	34.179013
-77.839241	34.179013
-77.840121	34.179894
-77.840121	34.18048
-77.840414	34.186054
-77.840708	34.186934
-77.841294	34.187814
-77.841881	34.187814
-77.842761	34.188107
-77.843054	34.188401
-77.844521	34.188401
-77.845401	34.188401
-77.846868	34.186641
-77.847161	34.186054
-77.846868	34.185761
-77.845108	34.185467
-77.843935	34.184881
-77.843054	34.184
-77.842468	34.18312
-77.842468	34.18136
-77.841881	34.18048
-77.842468	34.17872
-77.841881	34.178133
-77.844228	34.175787
-77.844815	34.175493
-77.845401	34.174026
-77.845988	34.17344
-77.846575	34.17168
-77.846281	34.171093
-77.847748	34.169626
-77.848628	34.168159
-77.848922	34.167279
-77.849215	34.166693
-77.849508	34.166106
-77.849508	34.165519
-77.851562	34.161706
-77.853615	34.159945
-77.853909	34.159359
-77.853909	34.158772
-77.854495	34.158185
-77.856255	34.156425
-77.858016	34.156425
-77.859189	34.155838
-77.860069	34.155545
-77.860069	34.149385
-77.860656	34.147331
-77.861829	34.144691
-77.861829	34.143811
-77.863296	34.140877
-77.863883	34.139411
-77.865056	34.13765
-77.866229	34.136477
-77.865936	34.136184
-77.866816	34.134717
-77.866816	34.13237
-77.867403	34.13149
-77.867696	34.127383
-77.868283	34.125916
-77.868576	34.123863
-77.86975	34.122103
-77.870336	34.121516
-77.87151	34.118582
-77.871803	34.117996
-77.872097	34.117116
-77.872683	34.116529
-77.872977	34.115356
-77.873857	34.114769
-77.874443	34.114769
-77.87503	34.114475
-77.87503	34.113595
-77.87503	34.112715
-77.87415	34.110662
-77.874443	34.110075
-77.87503	34.108608
-77.875323	34.106848
-77.87591	34.105968
-77.876203	34.104795
-77.87679	34.103328
-77.87679	34.102155
-77.87767	34.101275
-77.87855	34.098048
-77.88031	34.096581
-77.88031	34.094821
-77.880897	34.093941
-77.881191	34.08866
-77.881777	34.08778
-77.882364	34.084553
-77.882951	34.083673
-77.882951	34.083087
-77.885004	34.079273
-77.885004	34.078393
-77.885884	34.077513
-77.885884	34.076633
-77.886764	34.075166
-77.887058	34.073993
-77.887644	34.073113
-77.887938	34.072232
-77.889404	34.069886
-77.889404	34.068712
-77.889991	34.068126
-77.889991	34.067539
-77.891165	34.066072
-77.891165	34.065192
-77.892631	34.062258
-77.893218	34.060205
-77.894098	34.059325
-77.896445	34.057271
-77.896738	34.057271
-77.897618	34.056685
-77.899672	34.056685
-77.900552	34.055805
-77.902019	34.055805
-77.902899	34.054925
-77.905539	34.054925
-77.906126	34.054044
-77.909059	34.054044
-77.910233	34.053164
-77.91434	34.053164
-77.914926	34.052284
-77.916393	34.052284
-77.917273	34.052284
-77.91786	34.052578
-77.919327	34.053751
-77.919913	34.054631
-77.919913	34.055805
-77.920793	34.056685
-77.921087	34.057565
-77.922553	34.059032
-77.922847	34.059912
-77.92314	34.060205
-77.923727	34.061672
-77.924314	34.062552
-77.924607	34.063725
-77.924314	34.064605
-77.925194	34.065779
-77.925194	34.066659
-77.9249	34.067832
-77.92578	34.069592
-77.926074	34.070472
-77.92578	34.077513
-77.925194	34.078393
-77.92578	34.080153
-77.926074	34.086313
-77.92666	34.087194
-77.92666	34.08778
-77.926954	34.09042
-77.927834	34.091594
-77.927834	34.092767
-77.927247	34.096874
-77.926074	34.098048
-77.926074	34.103621
-77.92666	34.105382
-77.92666	34.106848
-77.926367	34.108902
-77.92666	34.109488
-77.927834	34.110955
-77.927541	34.122983
-77.92666	34.12445
-77.92666	34.129143
-77.927247	34.130023
-77.928421	34.131197
-77.931061	34.132957
-77.932821	34.134717
-77.934874	34.13765
-77.935168	34.138237
-77.936341	34.139704
-77.936928	34.141171
-77.938981	34.143224
-77.939861	34.144691
-77.939861	34.145571
-77.941035	34.146744
-77.941915	34.149678
-77.942795	34.151145
-77.942795	34.153492
-77.943675	34.154958
-77.943382	34.159065
-77.949249	34.164932
-77.950129	34.167279
-77.950716	34.168159
-77.951009	34.168746
-77.951596	34.169626
-77.951889	34.170506
-77.952476	34.17168
-77.952476	34.173146
-77.952769	34.17344
-77.954529	34.174907
-77.955703	34.176667
-77.956289	34.17784
-77.957169	34.17872
-77.958049	34.180187
-77.959223	34.181654
-77.959809	34.181654
-77.960396	34.18136
-77.960983	34.179894
-77.961276	34.17784
-77.961863	34.177547
-77.961863	34.17344
-77.962743	34.171973
-77.962743	34.170506
-77.96333	34.169626
-77.963623	34.167573
-77.96421	34.166693
-77.964797	34.165519
-77.965677	34.164932
-77.96861	34.164932
-77.96861	34.164052
-77.968317	34.162586
-77.96773	34.162586
-77.966263	34.161412
-77.96509	34.159945
-77.96421	34.157599
-77.963623	34.156719
-77.96333	34.154665
-77.96245	34.152025
-77.960983	34.149971
-77.96069	34.149091
-77.960103	34.147918
-77.959809	34.146451
-77.959223	34.144984
-77.959223	34.144104
-77.958343	34.142344
-77.957756	34.142051
-77.957463	34.141464
-77.957463	34.140291
-77.956876	34.139117
-77.956583	34.137357
-77.955116	34.13501
-77.954822	34.132957
-77.954529	34.132663
-77.954236	34.13061
-77.952476	34.12885
-77.952476	34.127676
-77.951889	34.12709
-77.951889	34.126503
-77.951889	34.12533
-77.951302	34.12445
-77.951009	34.124156
-77.951009	34.122396
-77.950129	34.121516
-77.950129	34.119756
-77.948369	34.117116
-77.948662	34.114475
-77.947782	34.112422
-77.947782	34.111542
-77.947489	34.110662
-77.946609	34.109782
-77.946609	34.101861
-77.947195	34.100981
-77.947782	34.100394
-77.947489	34.093061
-77.946902	34.091887
-77.946609	34.090127
-77.946022	34.08866
-77.946022	34.086607
-77.945435	34.085433
-77.945142	34.084553
-77.945142	34.08338
-77.944262	34.0825
-77.944262	34.080153
-77.943382	34.07898
-77.943382	34.076633
-77.942795	34.076046
-77.942502	34.074286
-77.941915	34.073406
-77.941915	34.071352
-77.942208	34.069592
-77.942795	34.069006
-77.942795	34.067832
-77.942502	34.065779
-77.941915	34.064899
-77.941915	34.063432
-77.941035	34.061965
-77.941035	34.059325
-77.941035	34.058445
-77.940155	34.057271
-77.940155	34.056685
-77.941035	34.055511
-77.941622	34.054338
-77.941915	34.053751
-77.941915	34.053458
-77.941622	34.051404
-77.942502	34.050524
-77.942502	34.039377
-77.942208	34.037323
-77.941622	34.035857
-77.942208	34.034683
-77.942502	34.034096
-77.942795	34.033216
-77.943088	34.03175
-77.943675	34.029989
-77.943675	34.029109
-77.944262	34.027056
-77.945435	34.026176
-77.945435	34.024709
-77.945728	34.024416
-77.949249	34.021189
-77.950129	34.019722
-77.950129	34.018255
-77.951009	34.017375
-77.951009	34.015615
-77.951889	34.014735
-77.951596	34.013855
-77.952769	34.012975
-77.952769	34.012388
-77.953649	34.011215
-77.953649	34.005641
-77.953356	34.001241
-77.952769	34.000654
-77.953942	34.000067
-77.953942	34.000067
# -b
-77.904072	34.000067
-77.902899	34.000947
-77.902605	34.002121
-77.901725	34.003294
-77.901725	34.005054
-77.901139	34.005934
-77.901139	34.006814
-77.900259	34.007694
-77.899965	34.009161
-77.899378	34.010041
-77.899378	34.011801
-77.898792	34.012388
-77.898498	34.012682
-77.898498	34.013855
-77.897032	34.016202
-77.896738	34.017082
-77.896152	34.017962
-77.896152	34.019429
-77.895272	34.020309
-77.894978	34.022069
-77.894391	34.023536
-77.894098	34.025002
-77.893511	34.025882
-77.893218	34.027643
-77.892631	34.028523
-77.892338	34.029696
-77.891751	34.030576
-77.891751	34.03175
-77.891165	34.03263
-77.890871	34.03351
-77.891165	34.034096
-77.890871	34.034976
-77.890285	34.035563
-77.889991	34.037323
-77.889404	34.038497
-77.889111	34.03967
-77.888524	34.040844
-77.888231	34.042017
-77.887938	34.042604
-77.887644	34.043484
-77.886764	34.044657
-77.886764	34.046124
-77.886178	34.046711
-77.886178	34.048764
-77.885004	34.049938
-77.885297	34.052284
-77.884124	34.053458
-77.884124	34.054338
-77.883537	34.054925
-77.883537	34.055218
-77.882657	34.057271
-77.881777	34.058151
-77.882071	34.059325
-77.88031	34.061965
-77.88031	34.063138
-77.879137	34.064312
-77.879137	34.065192
-77.87855	34.065779
-77.87855	34.067539
-77.87767	34.068126
-77.87767	34.069006
-77.87679	34.069886
-77.876497	34.071939
-77.876203	34.072819
-77.876497	34.073113
-77.87679	34.073993
-77.87679	34.075753
-77.87767	34.077219
-77.878257	34.077513
-77.881484	34.077219
-77.882071	34.076926
-77.883831	34.075166
-77.885884	34.073699
-77.886178	34.073113
-77.886178	34.072232
-77.887058	34.071059
-77.887058	34.069886
-77.887644	34.069006
-77.887644	34.067245
-77.888524	34.066659
-77.888524	34.066072
-77.889404	34.064605
-77.889111	34.061965
-77.889404	34.061378
-77.890285	34.060498
-77.889991	34.059618
-77.889111	34.058738
-77.889111	34.055511
-77.888524	34.054925
-77.888524	34.054044
-77.889111	34.053164
-77.889404	34.052284
-77.889404	34.049938
-77.890285	34.049057
-77.889991	34.047591
-77.890578	34.046124
-77.891165	34.046124
-77.891165	34.049938
-77.890871	34.053458
-77.891165	34.054925
-77.892338	34.056391
-77.893218	34.056685
-77.896152	34.056391
-77.897032	34.055805
-77.898792	34.055511
-77.899672	34.054925
-77.900845	34.054631
-77.902312	34.054044
-77.902899	34.054044
-77.903779	34.053164
-77.906126	34.053164
-77.907299	34.052578
-77.909059	34.052578
-77.909646	34.052284
-77.910233	34.051404
-77.910819	34.051404
-77.914926	34.051404
-77.917273	34.051404
-77.918447	34.050818
-77.919327	34.050818
-77.921087	34.049644
-77.921967	34.048177
-77.921673	34.044657
-77.921087	34.043777
-77.920793	34.033216
-77.920207	34.031456
-77.919913	34.029696
-77.919327	34.028816
-77.919033	34.027349
-77.919327	34.025296
-77.919033	34.024416
-77.918447	34.023829
-77.918447	34.013268
-77.917566	34.011801
-77.918447	34.010628
-77.918447	34.009748
-77.918447	34.008868
-77.918447	34.007988
-77.920207	34.006521
-77.919913	34.003588
-77.919327	34.002121
-77.919033	34.001241
-77.91962	34.000654
-77.921087	34.000654
-77.92138	34.000067
# -b
-77.730993	34.298409
-77.730993	34.301636
-77.73158	34.302516
-77.731873	34.304569
-77.732166	34.305156
-77.732753	34.305743
-77.732753	34.306329
-77.728353	34.311023
-77.728646	34.311316
-77.728353	34.311903
-77.72806	34.31249
-77.725713	34.31425
-77.724833	34.31425
-77.724539	34.314543
-77.724246	34.31601
-77.723953	34.316303
-77.721899	34.31689
-77.721019	34.31777
-77.719552	34.31953
-77.718085	34.32041
-77.716912	34.320997
-77.715739	34.320117
-77.715152	34.319237
-77.714859	34.306036
-77.713979	34.304276
-77.714859	34.302222
-77.714565	34.301929
-77.714272	34.301049
-77.716032	34.298115
-77.716032	34.297235
-77.716619	34.296942
-77.717499	34.296649
-77.718085	34.296062
-77.719259	34.295769
-77.721312	34.293422
-77.722192	34.293422
-77.724246	34.293128
-77.724833	34.292542
-77.726593	34.293128
-77.72894	34.293128
-77.729526	34.293422
-77.7307	34.295769
-77.730993	34.296355
-77.731286	34.297822
-77.730993	34.298409
# -b
-77.941035	34.095114
-77.941035	34.096874
-77.940155	34.097461
-77.939275	34.097461
-77.938101	34.097168
-77.937808	34.096874
-77.937808	34.093647
-77.936928	34.092767
-77.936635	34.087487
-77.936635	34.08602
-77.936928	34.085727
-77.937515	34.08514
-77.937515	34.083673
-77.937808	34.083087
-77.938688	34.0825
-77.938981	34.0825
-77.940448	34.083673
-77.941035	34.08426
-77.941035	34.095114
# -b
-77.935168	34.028816
-77.934288	34.029989
-77.933701	34.030283
-77.932528	34.029403
-77.931354	34.029109
-77.931061	34.028523
-77.931061	34.028229
-77.931647	34.027643
-77.931647	34.026763
-77.931941	34.026176
-77.932234	34.025882
-77.933408	34.025882
-77.935168	34.027349
-77.935168	34.028816
# -b
-77.935168	34.103328
-77.936048	34.104208
-77.936048	34.105088
-77.935754	34.106262
-77.934581	34.107435
-77.933408	34.107728
-77.931941	34.107728
-77.931061	34.106848
-77.930767	34.105968
-77.929887	34.104208
-77.929887	34.101275
-77.931061	34.099808
-77.930767	34.095701
-77.931061	34.095407
-77.932528	34.094234
-77.933114	34.093941
-77.933701	34.094234
-77.934288	34.094821
-77.935168	34.096874
-77.935168	34.100394
-77.935168	34.103328
# -b
-77.931941	34.020015
-77.930474	34.020895
-77.929594	34.020895
-77.929007	34.020602
-77.928421	34.020015
-77.928421	34.019135
-77.928714	34.018549
-77.930181	34.017375
-77.930767	34.017375
-77.931354	34.017669
-77.931941	34.018549
-77.931941	34.020015
# -b
-77.943382	34.005054
-77.946022	34.007401
-77.946609	34.007401
-77.947195	34.007401
-77.948369	34.004761
-77.948369	34.004174
-77.948075	34.003588
-77.947489	34.003294
-77.947195	34.003294
-77.945142	34.003294
-77.943382	34.005054
# -b
-77.930181	34.091887
-77.931061	34.091887
-77.931941	34.091007
-77.931941	34.090127
-77.931941	34.08954
-77.932234	34.08866
-77.932528	34.088367
-77.932234	34.088074
-77.931941	34.08778
-77.931647	34.086607
-77.931061	34.085727
-77.930474	34.085727
-77.929887	34.08602
-77.929301	34.086607
-77.929301	34.088367
-77.929594	34.0913
-77.930181	34.091887
# -b
-77.654721	34.347986
-77.655014	34.348279
-77.655308	34.348866
-77.655014	34.349452
-77.653254	34.351506
-77.652081	34.351506
-77.651201	34.352386
-77.648854	34.354733
-77.647387	34.355026
-77.64592	34.356786
-77.645334	34.357373
-77.644454	34.357373
-77.6424	34.35972
-77.641227	34.3606
-77.640347	34.360893
-77.639467	34.36148
-77.638293	34.36324
-77.636826	34.363533
-77.634773	34.365587
-77.633599	34.36588
-77.633306	34.36676
-77.633013	34.367347
-77.631546	34.36764
-77.630666	34.368227
-77.629786	34.369694
-77.625679	34.374094
-77.624799	34.374094
-77.623919	34.374681
-77.623039	34.374974
-77.619518	34.378201
-77.618932	34.378201
-77.617758	34.379081
-77.615998	34.381135
# -b
-77.606904	34.381428
-77.607784	34.381135
-77.609838	34.379375
-77.611011	34.379081
-77.611891	34.378201
-77.612771	34.377028
-77.613945	34.376734
-77.614531	34.376734
-77.617758	34.373507
-77.618932	34.371747
-77.619812	34.371161
-77.620985	34.370867
-77.621865	34.369987
-77.621572	34.369107
-77.623332	34.367347
-77.623919	34.367054
-77.625972	34.364707
-77.627439	34.363533
-77.628612	34.36324
-77.629199	34.362947
-77.629786	34.362067
-77.630373	34.361773
-77.630666	34.361773
-77.630959	34.3606
-77.631839	34.360013
-77.632426	34.360013
-77.633306	34.359133
-77.633893	34.359426
-77.634479	34.359133
-77.63536	34.358253
-77.635653	34.357373
-77.635653	34.356493
-77.63624	34.355906
-77.637413	34.355026
-77.638586	34.355026
-77.64328	34.350039
-77.64416	34.350039
-77.64592	34.348572
-77.646507	34.348572
-77.647387	34.347692
-77.648267	34.347399
-77.649441	34.346812
-77.650614	34.346519
-77.653254	34.346519
-77.653548	34.346812
-77.654721	34.347986
# -b
-77.83308	34.180187
-77.829267	34.184
-77.82076	34.184294
-77.818999	34.182534
-77.819293	34.181654
-77.819879	34.181067
-77.819879	34.180187
-77.821053	34.179013
-77.823693	34.176373
-77.824866	34.1752
-77.825747	34.174907
-77.8278	34.17344
-77.828973	34.17344
-77.82956	34.172853
-77.829854	34.17256
-77.830147	34.17256
-77.832494	34.17256
-77.83308	34.17168
-77.834254	34.17168
-77.836014	34.1708
-77.836601	34.169919
-77.836894	34.169919
-77.838067	34.169919
-77.838947	34.170213
-77.839241	34.170506
-77.839241	34.171386
-77.838947	34.17256
-77.838654	34.172853
-77.838361	34.17432
-77.836894	34.175787
-77.836601	34.176667
-77.836014	34.177547
-77.834547	34.17872
-77.83308	34.180187
# -b
-77.68171	34.322757
-77.680536	34.324224
-77.679656	34.325104
-77.678776	34.325691
-77.678483	34.326277
-77.677603	34.326864
-77.675842	34.326864
-77.674376	34.328037
-77.674082	34.328918
-77.674082	34.330091
-77.673496	34.330971
-77.671735	34.332438
-77.671149	34.332438
-77.669389	34.334198
-77.668509	34.334198
-77.667629	34.335078
-77.666455	34.334785
-77.665868	34.335078
-77.664988	34.335958
-77.664402	34.335665
-77.663522	34.336545
-77.663228	34.337425
-77.662348	34.337718
-77.660881	34.338892
-77.660001	34.339185
-77.657361	34.341825
-77.657361	34.342705
-77.657948	34.345052
-77.658241	34.345639
-77.658241	34.346519
-77.658241	34.347399
-77.658535	34.347986
-77.659121	34.348279
-77.660295	34.348279
-77.662642	34.348279
-77.664402	34.346519
-77.665282	34.346812
-77.669095	34.346519
-77.669975	34.345932
-77.670562	34.345639
-77.671442	34.346225
-77.672029	34.346519
-77.673202	34.346812
-77.673496	34.347399
-77.675256	34.347692
-77.676136	34.348279
-77.676429	34.348279
-77.677896	34.348866
-77.678483	34.350919
-77.679363	34.351506
-77.680536	34.351799
-77.680829	34.352386
-77.68171	34.352679
-77.684936	34.352386
-77.68699	34.350626
-77.687283	34.350919
-77.688163	34.350626
-77.68875	34.349746
-77.68963	34.349746
-77.69051	34.349159
-77.691097	34.347986
-77.692564	34.348279
-77.69315	34.348279
-77.694617	34.346812
-77.695497	34.346519
-77.696964	34.345052
-77.697844	34.345052
-77.698724	34.344172
-77.700778	34.341825
-77.701071	34.340945
-77.701364	34.338892
-77.701951	34.337718
-77.701951	34.336838
-77.702831	34.335958
-77.702831	34.334491
-77.704591	34.333025
-77.705471	34.331558
-77.709285	34.327451
-77.710458	34.327157
-77.713392	34.324517
-77.713685	34.322464
-77.714272	34.321584
-77.714565	34.320704
-77.714272	34.31865
-77.713392	34.317183
-77.713392	34.311903
-77.712805	34.311023
-77.712512	34.310436
-77.712805	34.299875
-77.713392	34.298995
-77.713685	34.296062
-77.712512	34.292835
-77.711632	34.291662
-77.711632	34.290781
-77.711338	34.290488
-77.710458	34.289608
-77.708405	34.289901
-77.707525	34.290195
-77.706645	34.290781
-77.706058	34.291662
-77.706058	34.295475
-77.705471	34.296355
-77.705471	34.296942
-77.706351	34.297822
-77.706058	34.299582
-77.705471	34.299875
-77.704591	34.301636
-77.704298	34.302222
-77.702538	34.304569
-77.697551	34.308969
-77.695204	34.31161
-77.69403	34.311903
-77.692564	34.31337
-77.69227	34.31425
-77.691684	34.31425
-77.690804	34.315423
-77.689337	34.316303
-77.688457	34.316597
-77.687283	34.318063
-77.685816	34.319824
-77.684056	34.320117
-77.682003	34.32217
-77.68171	34.322757
# -b
-77.936635	34.050818
-77.934581	34.050524
-77.933408	34.049644
-77.933408	34.049351
-77.933114	34.046711
-77.933408	34.046124
-77.934288	34.045244
-77.934288	34.04407
-77.933994	34.040844
-77.934288	34.040257
-77.934874	34.040257
-77.936635	34.039963
-77.937221	34.040257
-77.937515	34.04055
-77.937808	34.044951
-77.938395	34.045831
-77.938688	34.047297
-77.938395	34.048177
-77.937808	34.049351
-77.937808	34.050231
-77.936635	34.050818
# -b
-77.844815	34.165519
-77.847161	34.162879
-77.847161	34.161999
-77.848041	34.160239
-77.848628	34.159652
-77.849215	34.158479
-77.850975	34.156425
-77.851562	34.156132
-77.853029	34.154372
-77.853909	34.154078
-77.854789	34.154078
-77.855962	34.153198
-77.856842	34.152612
-77.857722	34.151732
-77.858016	34.150558
-77.857722	34.150265
-77.858602	34.149091
-77.858602	34.148211
-77.858309	34.146158
-77.859482	34.144398
-77.859482	34.143224
-77.860069	34.142638
-77.860362	34.140877
-77.861536	34.139117
-77.861536	34.137944
-77.862122	34.136477
-77.863296	34.134424
-77.864469	34.13325
-77.864763	34.132077
-77.865936	34.130903
-77.866229	34.130317
-77.866229	34.128557
-77.866816	34.12797
-77.86711	34.124743
-77.867696	34.123863
-77.867696	34.122983
-77.868576	34.121223
-77.868576	34.120049
-77.869163	34.119169
-77.869456	34.117116
-77.870336	34.115942
-77.870336	34.114769
-77.870923	34.113889
-77.871216	34.113302
-77.870923	34.111835
-77.870336	34.111542
-77.870043	34.111542
-77.868576	34.111542
-77.868283	34.111835
-77.867696	34.112422
-77.86711	34.114475
-77.866816	34.115649
-77.865936	34.116822
-77.865936	34.118582
-77.865056	34.119169
-77.864469	34.120929
-77.864469	34.121809
-77.863883	34.122103
-77.863589	34.123276
-77.862709	34.124743
-77.862709	34.125036
-77.861829	34.125916
-77.861536	34.126796
-77.860949	34.126796
-77.858309	34.129437
-77.855669	34.130903
-77.854202	34.13061
-77.853322	34.130023
-77.853322	34.129143
-77.852442	34.127676
-77.852442	34.127383
-77.852735	34.126503
-77.853615	34.125623
-77.855375	34.124156
-77.856255	34.122983
-77.856255	34.122396
-77.857135	34.121223
-77.857135	34.119756
-77.857722	34.118582
-77.858016	34.117116
-77.858602	34.116529
-77.858309	34.115062
-77.859482	34.113889
-77.859482	34.112129
-77.860656	34.110369
-77.860949	34.110075
-77.862122	34.109782
-77.863003	34.109195
-77.865643	34.108022
-77.866229	34.107728
-77.866523	34.106555
-77.86711	34.105382
-77.866816	34.104795
-77.866523	34.104208
-77.864176	34.103621
-77.863883	34.103328
-77.863589	34.102155
-77.863589	34.101275
-77.863003	34.099514
-77.863589	34.098634
-77.864176	34.098634
-77.866229	34.098341
-77.86711	34.097461
-77.867403	34.096581
-77.866816	34.095114
-77.866523	34.091887
-77.866816	34.0913
-77.867403	34.091007
-77.87239	34.091007
-77.872977	34.091007
-77.87327	34.092767
-77.87327	34.095114
-77.872683	34.095994
-77.872683	34.098928
-77.871803	34.100101
-77.87151	34.103035
-77.871803	34.104208
-77.872977	34.105088
-77.874737	34.105088
-77.875617	34.103915
-77.876203	34.102741
-77.87591	34.099221
-77.87679	34.098341
-77.87679	34.097168
-77.87767	34.095114
-77.87767	34.094234
-77.87855	34.092767
-77.87855	34.090714
-77.879137	34.090127
-77.87943	34.089247
-77.87943	34.088367
-77.880017	34.08778
-77.88031	34.0869
-77.88031	34.083967
-77.880897	34.082793
-77.881191	34.079566
-77.880897	34.07898
-77.880017	34.0781
-77.87943	34.0781
-77.87767	34.0781
-77.875617	34.078393
-77.873563	34.079273
-77.872683	34.080153
-77.871216	34.080153
-77.87063	34.08074
-77.86975	34.081033
-77.86711	34.0825
-77.865056	34.084553
-77.863296	34.0869
-77.862709	34.088074
-77.860949	34.09042
-77.860656	34.091007
-77.860069	34.091887
-77.860069	34.092181
-77.859189	34.093647
-77.859189	34.094234
-77.858602	34.094821
-77.858309	34.096874
-77.857429	34.098048
-77.857722	34.100101
-77.856842	34.101275
-77.855962	34.102741
-77.855962	34.103915
-77.855375	34.104795
-77.855082	34.106848
-77.854202	34.107728
-77.854202	34.108608
-77.853909	34.108902
-77.853322	34.110662
-77.852735	34.111542
-77.852735	34.112422
-77.850975	34.114769
-77.850975	34.115942
-77.850388	34.116236
-77.850095	34.117409
-77.849508	34.118289
-77.848628	34.119169
-77.848335	34.119756
-77.847748	34.120636
-77.847161	34.122396
-77.846868	34.123569
-77.846281	34.124156
-77.845988	34.12533
-77.845108	34.12621
-77.844228	34.126503
-77.844228	34.127676
-77.843054	34.129143
-77.842468	34.130023
-77.842761	34.13149
-77.842468	34.13237
-77.841881	34.133544
-77.841588	34.135304
-77.841001	34.136184
-77.841001	34.137064
-77.840708	34.13765
-77.840121	34.138824
-77.840121	34.139997
-77.839534	34.140877
-77.838361	34.142638
-77.838654	34.143224
-77.837774	34.143811
-77.837481	34.145571
-77.836894	34.146744
-77.836894	34.147918
-77.836014	34.149385
-77.835721	34.150265
-77.835427	34.151438
-77.835427	34.151732
-77.834547	34.152612
-77.834254	34.153785
-77.833374	34.155838
-77.832494	34.156719
-77.832494	34.157892
-77.831614	34.159652
-77.830734	34.160532
-77.82956	34.161412
-77.829267	34.161999
-77.829267	34.162879
-77.828093	34.164052
-77.827213	34.164639
-77.82692	34.165226
-77.82692	34.165813
-77.826333	34.166693
-77.824866	34.168453
-77.823693	34.169039
-77.823106	34.169039
-77.82252	34.169626
-77.821933	34.170213
-77.82164	34.171386
-77.821053	34.171386
-77.820466	34.17168
-77.819879	34.171973
-77.819293	34.173146
-77.818706	34.17344
-77.817239	34.17344
-77.816359	34.174613
-77.815772	34.17608
-77.814599	34.177547
-77.813719	34.17872
-77.814012	34.1796
-77.815479	34.180774
-77.816653	34.181067
-77.818706	34.180774
-77.819879	34.1796
-77.820466	34.178133
-77.821346	34.176667
-77.82252	34.175787
-77.823986	34.175493
-77.824573	34.1752
-77.82516	34.17432
-77.826627	34.173733
-77.827213	34.172853
-77.828093	34.172266
-77.828973	34.172266
-77.829854	34.17168
-77.831027	34.17168
-77.831907	34.171386
-77.8322	34.1708
-77.832787	34.1708
-77.833667	34.169919
-77.835134	34.169919
-77.835721	34.169626
-77.836307	34.169039
-77.837481	34.168746
-77.837774	34.168159
-77.838654	34.168453
-77.839828	34.167573
-77.840414	34.167573
-77.841294	34.166986
-77.842761	34.166693
-77.843641	34.165813
-77.844521	34.165813
-77.844815	34.165519
# -b
-77.955996	34.142344
-77.955996	34.145571
-77.956583	34.146451
-77.956876	34.148211
-77.957756	34.149091
-77.957756	34.149678
-77.957756	34.150265
-77.956583	34.150851
-77.954529	34.150851
-77.953942	34.150851
-77.953649	34.150558
-77.953356	34.148798
-77.952476	34.147625
-77.952476	34.145571
-77.951596	34.144104
-77.951596	34.143224
-77.952182	34.142051
-77.953356	34.141171
-77.953649	34.140877
-77.954236	34.140877
-77.955996	34.142344
# -b
-77.947782	34.13325
-77.947782	34.135304
-77.947195	34.135597
-77.946315	34.13589
-77.944262	34.13589
-77.943382	34.135304
-77.943382	34.134717
-77.944262	34.13325
-77.944262	34.13237
-77.944848	34.132077
-77.945435	34.132077
-77.946022	34.13237
-77.946902	34.13237
-77.947782	34.13325
# -b
-77.680243	34.354146
-77.679656	34.355319
-77.678776	34.3562
-77.677016	34.358253
-77.675842	34.358546
-77.673789	34.360306
-77.672322	34.360013
-77.670855	34.361773
-77.669095	34.36236
-77.667629	34.362653
-77.666455	34.36412
-77.665868	34.36412
-77.665282	34.36412
-77.664402	34.365
-77.662935	34.365294
-77.662642	34.365587
-77.661468	34.36588
-77.660588	34.367347
-77.660001	34.36764
-77.658535	34.36764
-77.658535	34.36852
-77.657654	34.369107
-77.656188	34.369107
-77.655601	34.3694
-77.655014	34.369987
-77.653548	34.370867
-77.652667	34.371161
-77.652374	34.371454
-77.650907	34.371747
-77.650614	34.372041
-77.649441	34.373214
-77.647974	34.373507
-77.646507	34.374974
-77.646214	34.375268
-77.64504	34.375854
-77.644454	34.375854
-77.6424	34.377614
-77.64152	34.377614
-77.63976	34.379375
-77.639173	34.379375
-77.637706	34.380841
-77.636826	34.380841
# -b
-77.618345	34.381721
-77.619225	34.381721
-77.619812	34.381135
-77.620105	34.380255
-77.623919	34.375854
-77.625092	34.375854
-77.626266	34.374387
-77.627146	34.373801
-77.628612	34.373214
-77.630373	34.371747
-77.633306	34.36852
-77.635946	34.36588
-77.63712	34.364413
-77.638293	34.363533
-77.639173	34.36324
-77.640053	34.362653
-77.640933	34.362653
-77.642107	34.360893
-77.642987	34.360893
-77.64504	34.359426
-77.646214	34.35796
-77.64768	34.356786
-77.649147	34.355026
-77.650321	34.354439
-77.651787	34.353559
-77.652961	34.352679
-77.655014	34.352386
-77.655601	34.351799
-77.656188	34.351799
-77.659708	34.351799
-77.661468	34.350626
-77.661761	34.349746
-77.662055	34.349452
-77.663522	34.348866
-77.664108	34.348279
-77.665575	34.348279
-77.666455	34.347692
-77.667922	34.348279
-77.670269	34.348279
-77.670855	34.348572
-77.671735	34.349159
-77.673202	34.349159
-77.674082	34.350039
-77.675842	34.350039
-77.676429	34.350626
-77.677309	34.350919
-77.679069	34.352386
-77.679949	34.353559
-77.680243	34.354146
# -b
-77.933994	34.114182
-77.932528	34.112422
-77.932528	34.111249
-77.932821	34.110662
-77.933408	34.110075
-77.933701	34.109782
-77.934581	34.109782
-77.935168	34.110662
-77.935168	34.113009
-77.933994	34.114182
# -b
-77.934288	34.061672
-77.934581	34.064899
-77.934288	34.065779
-77.933701	34.066659
-77.933408	34.067832
-77.932821	34.068419
-77.931354	34.068419
-77.930767	34.068419
-77.930474	34.067832
-77.930181	34.064605
-77.930767	34.063138
-77.930767	34.062845
-77.932821	34.060792
-77.933408	34.060792
-77.934288	34.061672
# -b
-77.956876	34.161119
-77.957169	34.161412
-77.955996	34.162879
-77.955996	34.165519
-77.955703	34.165813
-77.954529	34.166106
-77.953942	34.165813
-77.953356	34.165226
-77.952182	34.164639
-77.951889	34.164346
-77.951596	34.159945
-77.951009	34.159065
-77.951009	34.158479
-77.950129	34.157305
-77.949835	34.156719
-77.948955	34.156425
-77.948369	34.156132
-77.948075	34.155252
-77.948369	34.153198
-77.948369	34.152318
-77.948955	34.152025
-77.949249	34.151732
-77.949835	34.151732
-77.951009	34.152318
-77.953062	34.152612
-77.954236	34.153785
-77.954529	34.154958
-77.956876	34.157305
-77.956876	34.158185
-77.956876	34.161119
# -b
-77.943675	34.139117
-77.946902	34.142638
-77.946902	34.143811
-77.946022	34.144984
-77.945728	34.146158
-77.945435	34.146451
-77.944848	34.146744
-77.943382	34.145864
-77.942208	34.145571
-77.941328	34.144691
-77.941035	34.143224
-77.940155	34.142638
-77.940155	34.141757
-77.940155	34.139117
-77.940448	34.138824
-77.941035	34.138531
-77.941915	34.139117
-77.943675	34.139117
# -b
-77.773529	34.230644
-77.774116	34.229764
-77.77441	34.228884
-77.77617	34.227417
-77.77617	34.226244
-77.77705	34.225363
-77.77705	34.223897
-77.777343	34.22331
-77.77793	34.223017
-77.779103	34.22155
-77.780277	34.220083
-77.781157	34.21979
-77.781157	34.21891
-77.785264	34.215096
-77.786144	34.214216
-77.786437	34.213043
-77.789077	34.210109
-77.789371	34.209229
-77.789957	34.208642
-77.792011	34.206589
-77.792891	34.204829
-77.793771	34.203949
-77.793771	34.202188
-77.794358	34.201602
-77.798465	34.197495
-77.799638	34.195441
-77.800225	34.195148
-77.801105	34.193975
-77.801398	34.192801
-77.804918	34.189574
-77.804918	34.188401
-77.805212	34.187814
-77.806385	34.187814
-77.806972	34.187227
-77.806972	34.186641
-77.808439	34.185174
-77.808732	34.184881
-77.810199	34.183414
-77.810785	34.183414
-77.811666	34.182534
-77.815479	34.182534
-77.815772	34.18312
-77.816066	34.183707
-77.816066	34.184
-77.815186	34.184881
-77.815186	34.185467
-77.815772	34.186054
-77.817533	34.185761
-77.818119	34.185467
-77.818413	34.185174
-77.818999	34.184881
-77.823106	34.185174
-77.823693	34.185174
-77.823986	34.185761
-77.824573	34.186054
-77.826333	34.186054
-77.826627	34.186347
-77.82692	34.187521
-77.826627	34.189574
-77.824573	34.191628
-77.823693	34.193094
-77.823693	34.193681
-77.8234	34.193975
-77.82252	34.196028
-77.821933	34.196615
-77.821933	34.197201
-77.821346	34.197788
-77.820466	34.198375
-77.820466	34.199842
-77.819586	34.200722
-77.819586	34.202188
-77.819293	34.202775
-77.818413	34.203069
-77.818706	34.204535
-77.818119	34.205415
-77.817533	34.205709
-77.817533	34.207175
-77.816653	34.207469
-77.816946	34.208056
-77.815772	34.209229
-77.815772	34.210696
-77.814892	34.211869
-77.812546	34.213923
-77.812839	34.214803
-77.811666	34.215683
-77.809612	34.21803
-77.808439	34.218616
-77.808439	34.219203
-77.808145	34.21979
-77.807265	34.21979
-77.806679	34.220083
-77.806385	34.220963
-77.806092	34.221843
-77.805505	34.222137
-77.804332	34.22331
-77.803452	34.22419
-77.802865	34.22419
-77.800518	34.226244
-77.799345	34.22771
-77.799345	34.228297
-77.798465	34.229177
-77.797878	34.229177
-77.797585	34.229764
-77.796411	34.230937
-77.795238	34.231231
-77.794651	34.232991
-77.793478	34.233284
-77.791424	34.235338
-77.791131	34.235924
-77.788784	34.237684
-77.788491	34.238858
-77.784677	34.243551
-77.782623	34.245312
-77.781157	34.246485
-77.78057	34.247952
-77.77881	34.249712
-77.778223	34.250005
-77.776756	34.251765
-77.775583	34.252645
-77.77529	34.253232
-77.774116	34.254112
-77.77441	34.254992
-77.774116	34.255579
-77.772063	34.257339
-77.771476	34.258806
-77.768542	34.261446
-77.767956	34.263206
-77.766782	34.264086
-77.765902	34.264086
-77.762675	34.267606
-77.760915	34.267606
-77.759448	34.266726
-77.758568	34.266726
-77.756222	34.26702
-77.755928	34.267606
-77.756515	34.2679
-77.756808	34.268193
-77.760329	34.26878
-77.760622	34.269073
-77.761209	34.269953
-77.761209	34.270247
-77.760329	34.271713
-77.758862	34.27318
-77.757982	34.27406
-77.757395	34.274647
-77.757395	34.275527
-77.756515	34.27582
-77.755928	34.27582
-77.755635	34.276994
-77.754461	34.277874
-77.754461	34.279047
-77.753581	34.279634
-77.752995	34.280514
-77.752408	34.281101
-77.751821	34.282274
-77.748008	34.286088
-77.745954	34.288141
-77.745954	34.289021
-77.745367	34.289901
-77.744487	34.290488
-77.744194	34.291662
-77.743901	34.291955
-77.742727	34.292542
-77.742434	34.293128
-77.740674	34.293422
-77.740087	34.292835
-77.738327	34.292542
-77.73774	34.292248
-77.737447	34.291662
-77.730406	34.291662
-77.728646	34.290781
-77.725419	34.291075
-77.723953	34.291662
-77.720726	34.291662
-77.719846	34.292248
-77.719259	34.292542
-77.718085	34.293422
-77.717499	34.293715
-77.715445	34.293422
-77.714859	34.292835
-77.713979	34.291662
-77.714272	34.290781
-77.715445	34.287848
-77.716032	34.287261
-77.716912	34.287555
-77.717499	34.286968
-77.718085	34.286088
-77.718672	34.285794
-77.719552	34.285794
-77.721019	34.284328
-77.722486	34.283741
-77.722779	34.283448
-77.723659	34.283154
-77.724246	34.282568
-77.725419	34.282274
-77.726886	34.280807
-77.728353	34.280514
-77.728646	34.279634
-77.72894	34.279047
-77.730406	34.277287
-77.731286	34.277287
-77.733047	34.275527
-77.73334	34.27494
-77.733633	34.273767
-77.7351	34.272594
-77.736567	34.2723
-77.737154	34.272007
-77.740087	34.268487
-77.740674	34.26702
-77.742141	34.265846
-77.742727	34.265846
-77.743607	34.264966
-77.744487	34.264966
-77.746248	34.263206
-77.747421	34.261153
-77.750061	34.258219
-77.750941	34.258219
-77.751235	34.257926
-77.751235	34.257046
-77.751821	34.256752
-77.752701	34.256459
-77.752701	34.255579
-77.754461	34.253819
-77.754461	34.252352
-77.755928	34.251179
-77.756222	34.249712
-77.756808	34.248832
-77.757688	34.248245
-77.758568	34.247072
-77.759742	34.244725
-77.761502	34.242671
-77.762089	34.242378
-77.762969	34.243258
-77.764142	34.243551
-77.764729	34.244431
-77.765316	34.244725
-77.766196	34.245898
-77.766782	34.245898
-77.766782	34.245605
-77.765902	34.244431
-77.765609	34.243551
-77.765609	34.242671
-77.766196	34.241205
-77.766782	34.240618
-77.767662	34.238271
-77.768249	34.237391
-77.770009	34.235631
-77.770303	34.234751
-77.770889	34.233871
-77.771183	34.232991
-77.771476	34.232697
-77.772649	34.232404
-77.772649	34.231524
-77.773529	34.230644
# -b
-77.732753	34.297822
-77.732753	34.299582
-77.73246	34.301049
-77.732753	34.301929
-77.733927	34.303102
-77.734513	34.303396
-77.7351	34.302516
-77.736273	34.302222
-77.7395	34.298995
-77.7395	34.296649
-77.739794	34.295769
-77.739794	34.295475
-77.738327	34.293715
-77.736567	34.292248
-77.734513	34.292248
-77.733927	34.292542
-77.732753	34.294302
-77.732753	34.297822
# -b
-77.940448	34.070766
-77.941035	34.071352
-77.941035	34.073993
-77.940155	34.074873
-77.940448	34.075753
-77.940155	34.076339
-77.939275	34.076633
-77.938395	34.076633
-77.937515	34.076046
-77.937515	34.074873
-77.937515	34.073406
-77.940448	34.070766
# -b
-77.943675	34.125623
-77.943675	34.12885
-77.942502	34.130023
-77.940741	34.130023
-77.939275	34.130023
-77.938981	34.130023
-77.938395	34.129143
-77.938688	34.12533
-77.937808	34.124743
-77.937515	34.124156
-77.937808	34.123276
-77.936635	34.121516
-77.936635	34.114475
-77.936635	34.114182
-77.937515	34.113302
-77.937515	34.112129
-77.937808	34.111835
-77.938395	34.111542
-77.940448	34.111542
-77.941035	34.111835
-77.942502	34.113302
-77.943968	34.113889
-77.944848	34.114182
-77.947489	34.115649
-77.947782	34.117409
-77.948662	34.118582
-77.948662	34.119463
-77.948662	34.120049
-77.949542	34.120929
-77.949542	34.124156
-77.949249	34.124743
-77.948369	34.12533
-77.947782	34.125916
-77.943675	34.125623
# -b
-77.842761	34.174026
-77.841588	34.17344
-77.841294	34.17344
-77.840708	34.17344
-77.839241	34.174907
-77.838947	34.176373
-77.838361	34.17696
-77.838361	34.177547
-77.838654	34.17784
-77.840121	34.179013
-77.840414	34.17872
-77.841881	34.177253
-77.842761	34.1752
-77.842761	34.174026

