1.038	194
1	0
1.038	331.7
0.883	9.5
1.077	27.9
0.807	185.2
1.117	221.9
0.916	203.4
1	0
1.077	165.6
1.038	250.4
1	0
1.038	28.2
1.038	109.4
0.489	12.5
1.038	317.5
1	180
1.49	176.9
0.828	231.1
1.13	222.3
1	201.4
1	280.7
1.038	166
0.628	3.7
0.807	241.6
0.807	322.9
1	2.2
1	177.8
0.807	100.6
1	349.3
1.038	166
1.057	110.9
0.92	242.8
0.95	18.4
0.748	199.2
1.159	55.8
1.038	194
0.652	21
1.038	204.6
0.838	65.3
0.807	153.5
0.807	174.9
1.077	222.3
1.077	165.6
0.807	174.5
0.776	33.2
1.077	303.4
0.99	48.4
0.99	270.7
0.776	5.3
0.602	349.5
0.713	276
0.58	232.4
0.805	298.5
0.602	260.7
0.807	185.2
0.883	9.5
0.838	156.8
0.776	33.2
1.038	331.7
0.99	270.7
1.117	221.9
0.954	76.8
1.077	303.4
0.92	242.8
0.869	350.8
0.869	213.1
0.95	37.4
0.916	203.4
0.685	42.6
1.077	17.2
1.117	232.6
0.95	175.1
1.038	194
1.117	359.6
1.077	165.6
1.077	27.9
1.027	20.1
1.117	137.3
0.954	76.8
0.99	270.7
0.776	33.2
1.027	242.4
1.027	104.7
0.805	227.1
0.902	184.7
0.986	146.8
0.869	213.1
0.626	218.3
1.117	359.6
1.117	221.9
1.077	27.9
1.159	331.3
1.159	193.6
0.99	270.7
1.066	298.6
1.027	104.7
0.835	61.1
0.805	227.1
1.023	340.8
1.023	203
1.023	65.3
0.986	231.4
1.203	27.5
1.203	249.8
1.159	193.6
1.159	55.8
1.027	104.7
1.117	221.9
1.023	65.3
1.203	27.5
1.203	249.8
1.066	298.6
1.159	55.8
1	351.5
1	8.5
1	212.1
0.838	312.3
0.732	240.6
0.652	148
0.95	18.4
0.748	199.2
0.629	193.8
0.575	0.8
0	0
0	0
0	0
0	0
