1.032	18.2
1	0
1.032	346.4
0.905	15.6
1.065	36.4
0.845	359.7
1.099	54.6
0.934	33.8
1	0
1.065	4.6
1.032	67
1	0
1.032	35.3
1.032	314.7
0.566	217.2
1.032	149.4
1	180
0.792	4.8
0.864	50.2
1.111	31.8
1	200.4
1	280.2
1.032	341.8
0.691	198.7
0.845	48.6
0.845	328
1	2.7
1	177.3
0.845	296.2
1	349.8
1.032	341.8
1.048	207.3
1.21	229.3
0.964	20.8
0.784	210.3
1.134	72.8
1.032	18.2
0.713	9.7
1.032	28.4
0.872	67.3
0.845	339.9
0.845	0.3
1.065	31.8
1.065	4.6
0.845	349.6
0.809	228.5
1.065	332.9
1.289	234
1.289	265.7
0.809	192.1
0.654	335.8
0.979	97.9
0.634	78.8
0.835	117.9
0.654	92.4
0.845	359.7
0.905	15.6
0.872	346.2
0.809	228.5
1.032	346.4
1.289	265.7
1.099	54.6
1.249	247.5
1.065	332.9
1.21	229.3
0.899	4.4
0.899	36.1
0.964	52
0.934	33.8
0.732	244.1
1.065	26.2
1.099	64.8
0.964	20.2
1.032	18.2
1.099	22.8
1.065	4.6
1.065	36.4
1.33	220.4
1.099	351.1
1.249	247.5
1.289	265.7
0.809	228.5
1.33	252.2
1.33	283.9
0.835	246.7
0.928	22.6
0.995	6.6
0.899	36.1
0.683	228.2
1.099	22.8
1.099	54.6
1.065	36.4
1.134	9.3
1.134	41
1.289	265.7
1.373	302.1
1.33	283.9
0.861	264.9
0.835	246.7
1.027	24.8
1.027	56.6
1.027	88.4
0.995	70.2
1.171	59.2
1.171	91
1.134	41
1.134	72.8
1.33	283.9
1.099	54.6
1.027	88.4
1.171	59.2
1.171	91
1.373	302.1
1.134	72.8
1	352.5
1	7.5
1	210.5
0.872	329.6
0.782	65.8
0.713	327.7
0.964	20.8
0.784	210.3
0.692	31.4
0.645	343.9
0	0
0	0
0	0
0	0
