1.037	118.3
1	0
1.037	357.8
0.886	12.2
1.075	236.6
0.812	104.8
1.115	354.8
0.918	130.5
1	0
1.075	116.1
1.037	356.6
1	0
1.037	236.1
1.037	237.3
0.498	102.2
1.037	60
1	180
1.085	293.8
0.833	134
1.128	120.5
1	199.9
1	279.9
1.037	241.7
0.636	88.7
0.812	343.1
0.812	344.3
1	2.9
1	177.1
0.812	223.8
1	350.1
1.037	241.7
1.056	177.4
1.108	66.7
0.952	224.3
0.752	204
1.156	113.1
1.037	118.3
0.66	219.5
1.037	128.2
0.842	251.8
0.812	235.3
0.812	255.2
1.075	120.5
1.075	116.1
0.812	94.8
0.78	322.3
1.075	355.6
1.191	182.8
1.191	303.3
0.78	85.7
0.608	188.5
0.864	29
0.587	166.3
0.809	35.5
0.608	168.5
0.812	104.8
0.886	12.2
0.842	102.6
0.78	322.3
1.037	357.8
1.191	303.3
1.115	354.8
1.149	185
1.075	355.6
1.108	66.7
0.873	220.8
0.873	341.3
0.952	248.8
0.918	130.5
0.691	334.5
1.075	226.6
1.115	4.8
0.952	128.3
1.037	118.3
1.115	234.3
1.075	116.1
1.075	236.6
1.235	180.6
1.115	113.9
1.149	185
1.191	303.3
0.78	322.3
1.235	301.1
1.235	61.5
0.809	80.6
0.905	339.1
0.987	126.1
0.873	341.3
0.633	67.1
1.115	234.3
1.115	354.8
1.075	236.6
1.156	232.1
1.156	352.6
1.191	303.3
1.28	179.8
1.235	61.5
0.839	198.8
0.809	80.6
1.024	244.4
1.024	4.8
1.024	125.3
0.987	7.1
1.198	110.9
1.198	231.4
1.156	352.6
1.156	113.1
1.235	61.5
1.115	354.8
1.024	125.3
1.198	110.9
1.198	231.4
1.28	179.8
1.156	113.1
1	353
1	7
1	209.8
0.842	135.2
0.738	146.2
0.66	89.1
0.952	224.3
0.752	204
0.637	279.7
0.584	197.3
0	0
0	0
0	0
0	0
