1.024	278
1	0
1.024	335
0.937	18
1.048	196
0.897	256.1
1.072	114
0.959	296
1	0
1.048	252.9
1.024	137.4
1	0
1.024	194.3
1.024	31.9
0.689	327.7
1.024	238.6
1	180
1.285	79.1
0.914	324.9
1.081	303
1	200.8
1	280.4
1.024	82
0.786	305.8
0.897	115.5
0.897	313.1
1	2.4
1	177.6
0.897	10
1	349.6
1.024	82
1.036	237
1.079	30.4
0.982	178
0.841	215.3
1.098	32
1.024	278
0.805	162.6
1.024	288.4
0.918	241.3
0.897	83.1
0.897	103.9
1.048	303
1.048	253
0.897	245.7
0.861	133.3
1.048	309.9
1.13	283.3
1.13	226.4
0.861	297.3
0.741	125.3
0.929	163.7
0.724	348.7
0.881	201.6
0.741	13.7
0.897	256.1
0.937	18
0.918	231.1
0.861	133.3
1.024	335
1.13	226.4
1.072	114
1.104	308.4
1.048	309.9
1.079	30.4
0.94	149.1
0.94	92.1
0.982	214
0.959	296
0.807	151.4
1.048	185.6
1.072	124.4
0.982	271
1.024	278
1.072	171
1.048	253
1.048	196
1.157	258.3
1.072	227.9
1.104	308.4
1.13	226.4
0.861	133.3
1.157	201.3
1.157	144.4
0.881	51.3
0.962	67.1
1.005	245.9
0.94	92.1
0.772	29.5
1.072	171
1.072	114
1.048	196
1.098	145.9
1.098	89
1.13	226.4
1.184	62.4
1.157	144.4
0.902	329.3
0.881	51.3
1.028	163.9
1.028	107
1.028	50
1.005	132
1.123	7
1.123	310
1.098	89
1.098	32
1.157	144.4
1.072	114
1.028	50
1.123	7
1.123	310
1.184	62.4
1.098	32
1	352
1	8
1	211.3
0.918	162.5
0.856	343
0.805	209.2
0.982	178
0.841	215.3
0.788	139.9
0.754	134.2
0	0
0	0
0	0
0	0
