1.027	34.2
1	0
1.027	354.5
0.926	3.2
1.054	68.4
0.879	34.7
1.082	102.6
0.95	37.4
1	0
1.054	28.7
1.027	109.6
1	0
1.027	69.9
1.027	314.8
0.644	144.4
1.027	138.8
1	180
1.215	319.8
0.897	39.3
1.091	39.7
1	200.4
1	280.2
1.027	325.8
0.752	144.9
0.879	110.1
0.879	354.9
1	2.7
1	177.3
0.879	315.2
1	349.8
1.027	325.8
1.04	51.3
1.097	244.1
0.976	65.2
0.82	187.2
1.111	136.8
1.027	34.2
0.772	79.5
1.027	44.4
0.902	75
0.879	304.9
0.879	325.3
1.054	39.7
1.054	28.7
0.879	24.4
0.842	221.4
1.054	349
1.156	272.8
1.156	312.5
0.842	153
0.709	54.1
0.923	105.5
0.69	48.5
0.864	133.1
0.709	54
0.879	34.7
0.926	3.2
0.902	29.1
0.842	221.4
1.027	354.5
1.156	312.5
1.082	102.6
1.126	278.3
1.054	349
1.097	244.1
0.926	63.3
0.926	103
0.976	71.6
0.95	37.4
0.779	224.5
1.054	58.2
1.082	112.8
0.976	31.9
1.027	34.2
1.082	62.9
1.054	28.7
1.054	68.4
1.186	267.3
1.082	23.2
1.126	278.3
1.156	312.5
0.842	221.4
1.186	307
1.186	346.7
0.864	255.6
0.951	97.5
1.002	26.3
0.926	103
0.74	256
1.082	62.9
1.082	102.6
1.054	68.4
1.111	57.4
1.111	97.1
1.156	312.5
1.218	20.9
1.186	346.7
0.887	289.8
0.864	255.6
1.028	60.5
1.028	100.3
1.028	140
1.002	105.8
1.14	131.3
1.14	171
1.111	97.1
1.111	136.8
1.186	346.7
1.082	102.6
1.028	140
1.14	131.3
1.14	171
1.218	20.9
1.111	136.8
1	352.5
1	7.5
1	210.6
0.902	284.1
0.83	42.4
0.772	29.6
0.976	65.2
0.82	187.2
0.753	331.7
0.715	66.1
0	0
0	0
0	0
0	0
