1.004	210.7
1	0
1.004	340.5
1.002	1.8
1.008	61.4
1.004	213
1.012	272.2
1.006	212.5
1	0
1.008	191.2
1.004	293.8
1	0
1.004	63.6
1.004	110.2
1.003	322.6
1.004	307.6
1	180
1.484	167.5
1.012	228
1.012	230.2
1	201.4
1	280.7
1.004	149.3
1.003	324.8
1.004	296
1.004	342.7
1	2.2
1	177.8
1.004	112.5
1	349.3
1.004	149.3
1.006	316.1
1.059	275.1
1.011	59.6
0.984	183.6
1.017	122.9
1.004	210.7
1.007	76.6
1.004	221.4
1.008	80.8
1.004	125.6
1.004	147
1.008	230.2
1.008	191.2
1.004	202.2
0.988	34.3
1.008	321
1.067	106.3
1.067	336.5
0.988	332.9
0.976	54.2
1.046	309.4
0.972	217.9
0.992	306.2
0.976	237.4
1.004	213
1.002	1.8
1.008	193.4
0.988	34.3
1.004	340.5
1.067	336.5
1.012	272.2
1.063	125.8
1.008	321
1.059	275.1
1.012	44.2
1.012	274.4
1.011	63.3
1.006	212.5
0.99	36.1
1.008	50.7
1.012	282.9
1.011	193
1.004	210.7
1.012	41.9
1.008	191.2
1.008	61.4
1.072	86.8
1.012	171.7
1.063	125.8
1.067	336.5
0.988	34.3
1.072	317
1.072	187.2
0.992	245
1.016	254.9
1.015	173.5
1.012	274.4
0.992	247.3
1.012	41.9
1.012	272.2
1.008	61.4
1.017	22.4
1.017	252.6
1.067	336.5
1.076	37.9
1.072	187.2
0.996	95.8
0.992	245
1.019	24.2
1.019	254.5
1.019	124.7
1.015	274
1.021	103.4
1.021	333.6
1.017	252.6
1.017	122.9
1.072	187.2
1.012	272.2
1.019	124.7
1.021	103.4
1.021	333.6
1.076	37.9
1.017	122.9
1	351.5
1	8.5
1	212.2
1.008	274.7
1.015	229.8
1.007	195.7
1.011	59.6
0.984	183.6
1.008	150.7
1.01	64.1
0	0
0	0
0	0
0	0
