1.016	134.5
1	0
1.016	6.1
0.963	1.4
1.033	269.1
0.939	137.2
1.049	43.6
0.978	136
1	0
1.033	140.6
1.016	39.5
1	0
1.016	271
1.016	237.6
0.803	37.4
1.016	49.6
1	180
0.88	251.4
0.953	125.8
1.055	128.4
1	199.9
1	280
1.016	225.5
0.868	40.1
0.939	42.1
0.939	8.8
1	3
1	177
0.939	240.3
1	350
1.016	225.5
1.024	21.8
1.24	83.7
0.994	267.6
0.893	183.3
1.066	178.2
1.016	134.5
0.882	284.4
1.016	144.5
0.955	262.2
0.939	202.8
0.939	222.8
1.033	128.4
1.033	140.6
0.939	127.3
0.907	317.9
1.033	12.2
1.28	224.3
1.28	352.8
0.907	48.8
0.823	262.4
1.125	41.6
0.81	141.2
0.922	48.2
0.823	135.1
0.939	137.2
0.963	1.4
0.955	143.3
0.907	317.9
1.016	6.1
1.28	352.8
1.049	43.6
1.26	218.3
1.033	12.2
1.24	83.7
0.97	277.8
0.97	46.3
0.994	270.5
0.978	136
0.873	319.3
1.033	259.1
1.049	53.6
0.994	142.1
1.016	134.5
1.049	275.2
1.033	140.6
1.033	269.1
1.301	230.4
1.049	146.7
1.26	218.3
1.28	352.8
0.907	317.9
1.301	358.9
1.301	127.3
0.922	92.4
0.986	52.4
1.01	148.2
0.97	46.3
0.852	95.1
1.049	275.2
1.049	43.6
1.033	269.1
1.066	281.3
1.066	49.7
1.28	352.8
1.322	261.9
1.301	127.3
0.937	227
0.922	92.4
1.027	282.7
1.027	51.2
1.027	179.6
1.01	45.1
1.084	184.2
1.084	312.7
1.066	49.7
1.066	178.2
1.301	127.3
1.049	43.6
1.027	179.6
1.084	184.2
1.084	312.7
1.322	261.9
1.066	178.2
1	353
1	7
1	209.9
0.955	92.4
0.918	127.2
0.882	146
0.994	267.6
0.893	183.3
0.87	225.7
0.849	273
0	0
0	0
0	0
0	0
