0.967	066.4
1.000	000.0
0.967	059.7
1.103	014.3
0.936	132.7
1.167	050.7
0.905	199.1
1.067	080.6
1.000	000.0
0.936	126.1
0.967	138.4
1.000	000.0
0.967	131.7
0.967	053.0
1.695	160.8
0.967	174.3
1.000	180.0
1.100	025.2
1.152	022.4
0.886	006.7
1.000	201.3
1.000	280.7
0.967	294.6
1.407	145.0
1.167	122.7
1.167	044.0
1.000	002.7
1.000	177.3
1.167	037.3
1.000	349.3
0.967	293.6
0.951	099.6
1.329	251.0
1.032	118.5
1.283	208.9
0.876	265.5
0.967	066.4
0.000	000.0
0.000	000.0
0.000	000.0
0.000	000.0
0.000	000.0
0.000	000.0
0.000	000.0
0.000	000.0
0.000	000.0
0.000	000.0
0.000	000.0
0.000	000.0
0.000	000.0
0.000	000.0
0.000	000.0
0.000	000.0
0.000	000.0
0.000	000.0
0.000	000.0
0.000	000.0
0.000	000.0
0.000	000.0
0.000	000.0
0.000	000.0
0.000	000.0
0.000	000.0
0.000	000.0
0.000	000.0
0.000	000.0
0.000	000.0
0.000	000.0
0.000	000.0
0.000	000.0
0.000	000.0
0.000	000.0
0.000	000.0
0.000	000.0
0.000	000.0
0.000	000.0
0.000	000.0
0.000	000.0
0.000	000.0
0.000	000.0
0.000	000.0
0.000	000.0
0.000	000.0
0.000	000.0
0.000	000.0
0.000	000.0
0.000	000.0
0.000	000.0
0.000	000.0
0.000	000.0
0.000	000.0
0.000	000.0
0.000	000.0
0.000	000.0
0.000	000.0
0.000	000.0
0.000	000.0
0.000	000.0
0.000	000.0
0.000	000.0
0.000	000.0
0.000	000.0
0.000	000.0
0.000	000.0
0.000	000.0
0.000	000.0
0.000	000.0
0.000	000.0
0.000	000.0
0.000	000.0
0.000	000.0
0.000	000.0
0.000	000.0
0.000	000.0
0.000	000.0
0.000	000.0
0.000	000.0
0.000	000.0
0.000	000.0
0.000	000.0
0.000	000.0
0.000	000.0
0.000	000.0
0.000	000.0
0.000	000.0
0.000	000.0
0.000	000.0
0.000	000.0
